Date,Precipitação,Umidade,Temperatura
1987-01-01,"168,814638","88,1173392608","37,1138254595"
1987-01-02,"148,661492","61,2325822580","29,5960029367"
1987-01-03,"267,744475",,"26,8440992738"
1987-01-04,"162,011169",indisponivel,"29,8703422900"
1987-01-05,"278,151803","77,4348162584","29,4186974855"
1987-01-06,"196,007750","73,5168030430","27,8467298116"
1987-01-07,"179,537352","60,2995369525","30,3985204405"
1987-01-08,"191,341915","61,6292507652","37,7287890890"
1987-01-09,"215,241011","94,1687352319",indisponivel
1987-01-10,"72,527080","76,4749196626","34,4304887211"
1987-01-11,"84,987958","86,1108284695","37,1197773025"
1987-01-12,"296,007451","76,7379332990","27,0719206591"
1987-01-13,"290,487007","79,9121353846","35,6778408178"
1987-01-14,"243,002441","72,6860269670","36,5560558482"
1987-01-15,"157,230064","76,3015110607","31,9920417574"
1987-01-16,"163,739377","72,4640815619","27,8236583285"
1987-01-17,"281,572735","65,5997703908","29,1498480876"
1987-01-18,"216,853802","72,1168780307","32,1652592991"
1987-01-19,"78,348508","84,9150114863","25,5704626334"
1987-01-20,"199,071197","93,2187628208","31,5739027318"
1987-01-21,"131,468178","63,7524487386","37,7157835611"
1987-01-22,"143,908229","79,3469001163","27,5265760508"
1987-01-23,"94,571018","62,9430828322","29,7620523412"
1987-01-24,"175,755771","60,7538990249","37,7614397669"
1987-01-25,"77,812899","90,7285766604","35,4595004320"
1987-01-26,"106,946233",,"36,0720877261"
1987-01-27,"167,433575","81,9424371854","32,6112194751"
1987-01-28,"73,674138","65,8556294877","35,8785833742"
1987-01-29,"222,709324","87,7768381733","30,4619254011"
1987-01-30,"112,405986","77,7865852680","34,2474492377"
1987-01-31,"289,366967","71,7580875219","31,5959222519"
1987-02-01,"242,021220","77,4971142146","35,0247384174"
1987-02-02,"253,874755","72,4324676441","32,3117017459"
1987-02-03,"114,496134","77,3765733526","37,5141189786"
1987-02-04,"213,480447","64,6569175474","28,8260575065"
1987-02-05,"64,164201","94,3033108767","35,7194379470"
1987-02-06,"145,202041","80,0865366643","31,3221454802"
1987-02-07,"211,645957","65,1324910063","27,4221299945"
1987-02-08,"260,895567",,"34,8564931811"
1987-02-09,"157,857673","65,0394754678","34,2985688096"
1987-02-10,"99,812076","72,7271229220","34,1089885807"
1987-02-11,"135,103039",,"31,3946215888"
1987-02-12,"261,008602","74,3388952727","35,2711554863"
1987-02-13,"82,902870","88,6290881613","25,1396402996"
1987-02-14,"203,459870","72,8235355270","35,5369864790"
1987-02-15,"83,773414","60,5430556933","33,2122474400"
1987-02-16,"170,638547","62,3131933828","32,2298844467"
1987-02-17,"217,548682","76,4256351411","30,3488952546"
1987-02-18,"156,613589","68,2593957546","34,8571136003"
1987-02-19,"197,642954","94,3509158832","27,1776908096"
1987-02-20,"216,680897","81,9195569898","30,2361125044"
1987-02-21,"227,391603","73,1935479543","35,0114394373"
1987-02-22,"294,912302","70,1454893977","34,9433954475"
1987-02-23,"142,145799","91,3510322411","37,3794800157"
1987-02-24,"167,398008","93,3169342360","27,4483577974"
1987-02-25,"260,281973","87,0093189693","25,6615383341"
1987-02-26,"176,676921","63,2250257715","32,8199923308"
1987-02-27,"83,163375","90,2412420614","30,5922016958"
1987-02-28,"272,231365","77,7779560908","29,5106041123"
1987-03-01,"114,652372","85,1686208338","26,4796121174"
1987-03-02,"73,731725","85,5455971129","25,8743533623"
1987-03-03,"95,638555","73,5581613588","20,6781914630"
1987-03-04,"238,163716","67,2541736350","24,6516133501"
1987-03-05,"79,854327","80,7733718878","22,1947435867"
1987-03-06,"139,231515","71,4616708587","24,4449132851"
1987-03-07,"50,217571","87,1159698836","26,3561257464"
1987-03-08,"192,466894","85,6420278703","29,0150046434"
1987-03-09,"283,905138","69,0655631874","24,2636172629"
1987-03-10,"228,228619","77,7822012646","28,9728726828"
1987-03-11,"267,906292","89,6224698374","21,2558126520"
1987-03-12,"128,839555","64,2074633317","29,0605837261"
1987-03-13,"236,104727","73,7149901396","27,0772408735"
1987-03-14,"293,730712","93,0311529861","21,7307317943"
1987-03-15,"219,318582","93,5498974671","29,0724243334"
1987-03-16,"158,062598","79,7455144457","28,0796528858"
1987-03-17,"144,191720","68,9838357467","21,1920604058"
1987-03-18,"211,313367","61,7587322759","20,0831102207"
1987-03-19,"131,037636","92,3931364639","26,9949082000"
1987-03-20,"263,028609","64,5559957298","27,7469750773"
1987-03-21,"84,873002","94,8466005409","20,5362993437"
1987-03-22,indisponivel,"71,3406957287","26,2083136557"
1987-03-23,"217,889772","94,8391937729","29,2205978997"
1987-03-24,"243,154508","76,8588768305","21,5067441472"
1987-03-25,"98,584235","78,6391126031","28,9702723223"
1987-03-26,"94,238014","62,8026001370","27,1130713030"
1987-03-27,"85,558785","68,8543286999","20,7852754530"
1987-03-28,"206,687331","82,0941884601","29,4717483038"
1987-03-29,"76,568193","87,0173944143","22,1579963089"
1987-03-30,"278,051234","72,5816430082","27,4942380397"
1987-03-31,"240,910113","61,5667954675","26,0018081725"
1987-04-01,"44,814417","67,6526832017","22,5036760866"
1987-04-02,"25,303904","67,6827102340","23,1797939229"
1987-04-03,"31,080002","76,2085665595","23,4309999269"
1987-04-04,"64,622506","68,0822351347","24,0369278559"
1987-04-05,"99,432979","65,4297764496","22,9154081637"
1987-04-06,"94,939059","68,3129259951","27,3240380332"
1987-04-07,"89,609980","51,4333579847","23,6571546305"
1987-04-08,"72,530971","75,6118973650","25,9497313727"
1987-04-09,"81,282765","78,3227201833","26,3378661498"
1987-04-10,"40,033854","52,3970849782","21,1464865494"
1987-04-11,"37,842934","63,7628922717","28,8895616878"
1987-04-12,"50,614625","76,8973473530","24,3062049465"
1987-04-13,"60,662884","56,1545081330","22,3582484668"
1987-04-14,"40,564291","79,0593674702","26,7360930977"
1987-04-15,"83,067187","57,0306955679","26,2581588995"
1987-04-16,"83,372427","53,1256688658","21,3149261298"
1987-04-17,"89,562548","53,7638697937","25,3754999744"
1987-04-18,"69,078007","71,4539314646","23,4103651118"
1987-04-19,"93,391248","73,4405805762","23,5725234950"
1987-04-20,"31,757066","55,0898376076","28,8865481526"
1987-04-21,"69,505879","76,1974572832","26,1167410529"
1987-04-22,"74,138976","79,8804566331","29,5844128277"
1987-04-23,"84,279051","61,4314847931","22,0371760853"
1987-04-24,"42,417453","64,5232934920","23,1892602142"
1987-04-25,"89,859265","55,3151301566","23,4434117488"
1987-04-26,"89,549780","62,3573537998","29,9188114470"
1987-04-27,"12,337932","76,1068791079","21,4956008200"
1987-04-28,"68,259582","51,6362822699","26,5422496214"
1987-04-29,,"70,6964571526","29,5793007726"
1987-04-30,"71,866288","52,2255549367","26,7562122471"
1987-05-01,,"76,0314599419","26,4712779097"
1987-05-02,"46,230274","79,7210458297","21,0509451690"
1987-05-03,"91,302472","70,0654901020","21,0618879794"
1987-05-04,"73,262015","76,5794966546","26,3373780984"
1987-05-05,"83,225550","53,3097307866","23,5786923870"
1987-05-06,"10,121155","63,4156531317","26,9270131960"
1987-05-07,"13,341667","63,7507590152","21,7853380446"
1987-05-08,"39,722332","56,5810129552","28,3524234109"
1987-05-09,"75,232848","76,2444319556","25,8930842770"
1987-05-10,"11,293823","52,5298245924","29,7574616250"
1987-05-11,"46,942270","53,5419708899","20,4654342700"
1987-05-12,"99,043372","53,9381793912","28,3236504324"
1987-05-13,"72,886667","68,8302368551","22,8632494536"
1987-05-14,"87,149509","69,2478781497","23,4428608427"
1987-05-15,"46,017255","52,1449555908","23,8281213905"
1987-05-16,"67,618575","59,7037143234","28,5033795121"
1987-05-17,"63,514479","63,0345925598","29,1530113627"
1987-05-18,"69,202857","73,6808116348","22,3684666414"
1987-05-19,"21,892363","55,8966534940","26,8523764765"
1987-05-20,"27,853894","75,8373143367","21,1758508407"
1987-05-21,"61,711604","68,9715654942","20,9329990949"
1987-05-22,"94,559276","62,2643945258","20,5440845638"
1987-05-23,"60,830421","66,2242949415","20,3172801664"
1987-05-24,"51,477043","78,1951171164","22,0941011615"
1987-05-25,"48,161923","62,8984965101","25,5415968032"
1987-05-26,"59,004325","73,0256918059","29,0592874599"
1987-05-27,"19,404847","79,6585039443","20,6427160136"
1987-05-28,"97,641530","61,7665297606","22,7827312502"
1987-05-29,"31,655162","63,1890643926","22,1407902514"
1987-05-30,"63,236981","57,6572571099","25,7196418660"
1987-05-31,"84,336178",,"25,7220198476"
1987-06-01,"19,546920","65,7477803043","18,1280086760"
1987-06-02,"17,954533","43,4805422879","17,4702225818"
1987-06-03,"9,366959","51,4186952247","14,0392048449"
1987-06-04,"17,449400","55,2574736521","17,8503273230"
1987-06-05,"20,306466","41,5023171349","18,0879193507"
1987-06-06,"42,271238","50,1257468242","14,3043707552"
1987-06-07,"12,389335","59,9449259949","14,2162748418"
1987-06-08,"4,738437","61,9967937476","14,6972152327"
1987-06-09,"9,707494","63,4729645795","14,4835491708"
1987-06-10,"21,869783","53,7026804660","20,3728648631"
1987-06-11,"49,336267","68,7849627403","24,6764079166"
1987-06-12,"34,783384","58,0842220518","16,3890270487"
1987-06-13,"35,591447","55,3059559690","17,6154344832"
1987-06-14,"19,168188","50,7850344229","16,6595740232"
1987-06-15,"35,944540","51,3519809397","23,8470868810"
1987-06-16,"29,668141","44,3292918216","16,9965356448"
1987-06-17,"45,365719","43,4735641627","15,6755789326"
1987-06-18,"49,673860","49,7718140069","20,1277674666"
1987-06-19,"2,299783","46,6198583203","22,3094174165"
1987-06-20,"16,810508","53,8726125224","17,7070247996"
1987-06-21,"40,063484","54,3389536585","14,6852699521"
1987-06-22,"46,418301","62,5063051337","16,6587093110"
1987-06-23,"31,828232","52,1339637563","22,2335892761"
1987-06-24,"4,043076","59,6735895084","23,5167932224"
1987-06-25,"2,576827","57,4472221756","20,0329826511"
1987-06-26,"45,354086","54,9407049989","14,9095884029"
1987-06-27,"10,935494","40,5278833372","17,3854029153"
1987-06-28,"48,774754","47,0710601795","14,9743542492"
1987-06-29,"8,292911","50,1375001219","14,9823674276"
1987-06-30,"11,209414","56,3259663722","16,9986186623"
1987-07-01,"39,188851","65,4191222022","21,1328273601"
1987-07-02,"11,262467","40,8501044354","19,6244659405"
1987-07-03,"1,052648","64,4913746129","24,9633240443"
1987-07-04,"9,844280","49,6178290233","18,1769550575"
1987-07-05,,"40,2022369011","17,6016390655"
1987-07-06,"42,879238","57,9803643390","20,6442407889"
1987-07-07,"47,765815","62,2797384209","15,4061876527"
1987-07-08,"36,443712","54,8429659159","15,4723025811"
1987-07-09,"1,005034","64,9195858202","18,7570882115"
1987-07-10,"35,524249","60,2249265889","18,7273698694"
1987-07-11,"7,281546",,"18,3926856961"
1987-07-12,"4,744053","64,4454007984","22,4432209139"
1987-07-13,"44,597494","63,1729901539","15,8758537732"
1987-07-14,"30,656156","42,6831210218","18,6428738188"
1987-07-15,"0,544404","42,6787195726","15,0641346681"
1987-07-16,"7,793661","54,8118512335","24,0401623904"
1987-07-17,"32,330989","50,9895580344","18,6568815063"
1987-07-18,"12,158118","62,7781725197","24,1108748163"
1987-07-19,"40,445342","46,3912225565","16,6318569857"
1987-07-20,"20,174141","64,0555754733","24,9338146251"
1987-07-21,"48,234081","51,7143427404","24,6596108980"
1987-07-22,"6,392534","49,1775035680","16,3272066948"
1987-07-23,"10,093442","65,0387565980","21,7387955266"
1987-07-24,"4,843277","42,2685012811","16,8648195697"
1987-07-25,"8,760823","64,5136136041","14,7328848023"
1987-07-26,"2,914443","65,8561019399","24,3405376632"
1987-07-27,"30,517791","46,4281142201","15,1411831366"
1987-07-28,"23,777214","61,5095260727","23,6433432960"
1987-07-29,"3,387597","42,0794489710","23,7821267358"
1987-07-30,"26,020116","67,9860490954","19,3671860543"
1987-07-31,"38,805909","60,8609258010","21,4281544657"
1987-08-01,"3,040072","59,6197935025","20,3530565994"
1987-08-02,"24,349584","62,2540383567","16,3174475263"
1987-08-03,"11,090979","47,8692661697","21,6630514809"
1987-08-04,"16,070184","45,8201703359","15,2426150363"
1987-08-05,"8,757253","48,0173195453","23,8632785729"
1987-08-06,"38,917523","69,1894203639","19,1705324116"
1987-08-07,"0,021300","46,4979176687","23,7393296677"
1987-08-08,"25,143346","69,5891113692","15,2234000261"
1987-08-09,"38,163783","55,8831166431","14,3914741130"
1987-08-10,"16,307966",,"19,2192310624"
1987-08-11,"16,407570","51,2491705058","21,3215192396"
1987-08-12,"33,877359","64,6057381025","15,9538439617"
1987-08-13,"47,199675","49,9452466936","20,2554401204"
1987-08-14,"43,501862","68,0746163740","19,8027413733"
1987-08-15,"31,825636","47,6612600584","14,0475218410"
1987-08-16,"27,789369","55,3217922555","17,8423855268"
1987-08-17,"16,658408","49,0206330130","16,8532099622"
1987-08-18,"0,118873","47,4592871308","18,3295959810"
1987-08-19,"42,686008","59,7506380880","16,2493194140"
1987-08-20,"7,281133","55,2957444112","14,5296912254"
1987-08-21,"13,859971","56,2739552661","20,1651699770"
1987-08-22,"29,335326","43,3837755211","14,0934375420"
1987-08-23,"16,006288","47,0016268783","16,6711145782"
1987-08-24,"7,824876","67,4892722187","21,3379850154"
1987-08-25,"12,368426","47,6740766373","24,3938731277"
1987-08-26,"21,889184","64,5190134847","18,2961318154"
1987-08-27,"40,921030","66,7215570762","22,9639874025"
1987-08-28,"45,807622","46,4579399677","18,8259760625"
1987-08-29,"26,493404","56,1532805135","17,5671611125"
1987-08-30,"11,756088","67,4209562500","15,0925613412"
1987-08-31,"14,196732","69,9268874066","16,4134430904"
1987-09-01,"25,719935","46,5145445005","20,8363478863"
1987-09-02,"44,953096","53,8171707435","28,3653207648"
1987-09-03,"9,910346","62,7645251658","24,2477058223"
1987-09-04,"33,537546","46,6371960942","23,4740101181"
1987-09-05,"25,820400","42,5019916040","23,4975868502"
1987-09-06,"16,446378","50,7638048682","20,4333547577"
1987-09-07,"2,303463","68,3941955019","29,3029725638"
1987-09-08,"10,627120","61,4833270795","29,6270556252"
1987-09-09,"26,958934","64,3775443474","20,5978059629"
1987-09-10,"35,435694","42,2989523893","20,9710524566"
1987-09-11,"39,958943",indisponivel,"21,5366714141"
1987-09-12,"29,345234","65,2429370241","29,2032874740"
1987-09-13,"38,040927","61,7001082550","24,3921892286"
1987-09-14,"17,529143","67,6777655286","25,0177882618"
1987-09-15,"24,132784","45,9421934431","24,0318980822"
1987-09-16,"22,966675","67,3123561509","23,4886077955"
1987-09-17,"41,381078","61,6073440918","29,1301002888"
1987-09-18,"15,779086","66,0697337224","21,7514578590"
1987-09-19,"24,948483","58,0617609408","29,2930312138"
1987-09-20,"46,659958","50,0933481365","25,1590401462"
1987-09-21,"47,953817","40,3747650637","29,9550531243"
1987-09-22,"8,380912","48,3109416958","22,8827915291"
1987-09-23,"3,868564","63,3360362085","25,8014550504"
1987-09-24,"35,816871","64,9357041302","26,7373402460"
1987-09-25,"4,787641","42,2308171768","25,3975446088"
1987-09-26,"2,730508","49,1184942364","24,2972615539"
1987-09-27,"6,195455","52,5423143239","27,5483316499"
1987-09-28,"26,660973","49,1466282471","21,7359454619"
1987-09-29,"6,770191","53,9242432772","26,1283267377"
1987-09-30,"12,752913","42,5768839196","25,5478803763"
1987-10-01,"60,572919","74,3046754186","28,6802852748"
1987-10-02,"34,512637","59,7207829345","23,1965310195"
1987-10-03,"65,694711","55,5075302998","26,1884476684"
1987-10-04,"63,361519","61,7058794308","26,7183852582"
1987-10-05,"27,507202","71,4503560446",
1987-10-06,"85,646842","62,2834539297","24,8923872418"
1987-10-07,"13,062267","71,7390923732","24,0403550186"
1987-10-08,"91,755975","73,3912544597","20,8062465755"
1987-10-09,"95,643252","64,4085902374","21,9201792652"
1987-10-10,"33,585027","79,8381036292","25,1738049696"
1987-10-11,"76,711562","63,7611018104","26,9643623639"
1987-10-12,"39,202428","63,8624468231","28,5258090524"
1987-10-13,"49,020864","66,2702916833","27,7681775725"
1987-10-14,"28,779422","68,6129702295","23,0625677975"
1987-10-15,"46,474208","74,0012105785","27,2332856678"
1987-10-16,"37,419212","66,8605600705","24,8208119478"
1987-10-17,"15,867230","64,9286475039","28,4213219250"
1987-10-18,"20,612364","68,3152172405","29,7649469969"
1987-10-19,"43,659551","63,0645712075","23,8958804142"
1987-10-20,"39,206405","66,5439745074","26,0127269640"
1987-10-21,"25,839620","72,0626439504","22,4691270154"
1987-10-22,"10,897563","57,8533302586",indisponivel
1987-10-23,"80,165176","70,3495588373","20,4792758305"
1987-10-24,"67,762769","56,0230296784","24,3172041633"
1987-10-25,"11,221435","72,7428648590","27,9437574555"
1987-10-26,"72,698796","77,6014834570","20,9260518992"
1987-10-27,"12,138535","64,2766270627","29,4838387382"
1987-10-28,"98,329972","59,8504133796","25,6837766354"
1987-10-29,"32,561959","75,3068642905","27,8007373436"
1987-10-30,"51,388826","51,5235759019","27,1530133039"
1987-10-31,"54,968031","56,8235420597","28,0232523949"
1987-11-01,"24,978126","60,4795972513","26,7672885257"
1987-11-02,"53,820061","71,5676627911","26,1197703099"
1987-11-03,"68,232811","63,5601309768","26,4036183304"
1987-11-04,"38,932219","64,0877021750","28,9593697254"
1987-11-05,"50,800806","53,4878276596","27,9034795335"
1987-11-06,"40,999267","64,5158763619","20,7992541497"
1987-11-07,"98,326860","63,1308585890","27,5359370765"
1987-11-08,"15,845985","73,7759952655","27,7077283634"
1987-11-09,"71,735680","63,7055182978","27,1202877831"
1987-11-10,"94,938540","51,1949294975","25,4196417763"
1987-11-11,"45,842612","50,6212594603","29,3853714951"
1987-11-12,"39,154929","69,2829739737","21,2493649924"
1987-11-13,"23,003891","60,0766957645","22,3419588905"
1987-11-14,"64,866413","52,3713841017","23,5879180063"
1987-11-15,"78,675700","70,8333363403","25,4859012001"
1987-11-16,"70,239865","72,3825902598","22,7646937459"
1987-11-17,"47,590767","78,7978084676","29,0886923733"
1987-11-18,"51,438234","52,5537297503","20,8505182425"
1987-11-19,"68,665909","64,3141514757","22,0321508620"
1987-11-20,"42,820510","53,3457096513","23,3093152399"
1987-11-21,"52,016690","51,2990361871","28,7579285086"
1987-11-22,"27,058683","76,4110216080","28,2414485208"
1987-11-23,"65,948136","67,9074940032","24,6669673771"
1987-11-24,"28,953835","75,6629564355","28,6418470208"
1987-11-25,"31,204473","66,3895280224","21,2709189785"
1987-11-26,"32,583725","76,1458285064","23,8824504844"
1987-11-27,"64,598014","62,1528954807","21,3803434461"
1987-11-28,"66,097163","63,2053194497","24,1779338545"
1987-11-29,"23,081443","54,2419019216","21,5587099918"
1987-11-30,"76,195088","62,7871861720","28,8288715233"
1987-12-01,"209,000156","64,2816465025","34,7300698112"
1987-12-02,"188,514503","80,7752445851","34,2261527636"
1987-12-03,"197,186328","88,0155758592","27,1115684322"
1987-12-04,"183,132305","78,9427860743","30,9768851399"
1987-12-05,"101,513828","69,3904208813","25,2780425519"
1987-12-06,"87,766923","90,7472891153","30,6759543411"
1987-12-07,"183,676219","73,7451356156","36,2898573521"
1987-12-08,"295,731446","83,5690979939","34,9699413248"
1987-12-09,"209,955388","90,2122342271","32,8917751022"
1987-12-10,"289,106647","76,9716305279","32,3263452930"
1987-12-11,"98,342783","63,3130402325","28,2961836898"
1987-12-12,"282,519897","64,3476973050","37,4163226254"
1987-12-13,"70,799923","94,9407688240","27,8934449695"
1987-12-14,"63,761455","90,6526292692","35,7487177608"
1987-12-15,"84,915344","94,2436354562","31,6377434197"
1987-12-16,"125,785770","61,2501488706","28,6016983883"
1987-12-17,"168,893772","93,8971260804","26,1456370728"
1987-12-18,"79,821927","90,4766756351","36,5404039029"
1987-12-19,"217,982525","71,2528772366","36,1527962928"
1987-12-20,"139,179614","82,6174961397","28,3392062772"
1987-12-21,"232,491782","66,8580768029","37,9676537100"
1987-12-22,"105,399729","64,3863450728","25,3114477674"
1987-12-23,"289,200947","67,8135336765","32,9452917642"
1987-12-24,"162,750913","62,5670412396","29,3865808346"
1987-12-25,"183,596513","89,3921963167","35,3180522845"
1987-12-26,"74,552169","79,4109902204","32,8244578774"
1987-12-27,"55,777094","90,3324805533","31,8775052024"
1987-12-28,"58,891109","67,7909079452","37,0372659514"
1987-12-29,"58,678286","65,8031962740","29,1765778736"
1987-12-30,"260,354320","73,1155775143","34,2059260897"
1987-12-31,"67,017884","67,1075824169","25,8809694995"
1988-01-01,"174,946303","76,6150760442","26,7647056802"
1988-01-02,"216,893247","93,4087041517","27,2058572702"
1988-01-03,"140,678527","90,3188901274","34,5006406153"
1988-01-04,"155,047007","61,9718378723","36,3229236184"
1988-01-05,"204,668064","65,7625487485","37,8412311676"
1988-01-06,"124,229648","93,9461127390","36,0281255852"
1988-01-07,"193,450811","69,0723854736","37,7610639588"
1988-01-08,"291,953440","81,7503297443","35,3935876758"
1988-01-09,"270,804460","85,1123568140","28,1039333292"
1988-01-10,"93,506998","66,3116116820","34,8585556543"
1988-01-11,"210,797539","74,5165122023","25,1283497099"
1988-01-12,"185,318562","86,1833843114","37,6543742800"
1988-01-13,"212,050480","82,8612265950","28,7302769326"
1988-01-14,"263,303690","76,0628232534","35,9178486854"
1988-01-15,"253,467745","76,9358944010","35,5869004445"
1988-01-16,"261,274664","63,8177331664","26,1683678288"
1988-01-17,"185,449620","91,1020224655","27,4340236385"
1988-01-18,"73,817413","86,7876806674","37,9229996260"
1988-01-19,"204,752779","63,4863126976","30,8888294270"
1988-01-20,"111,399791","80,0102486309","32,4632301675"
1988-01-21,"243,903813","82,9264116346","26,3966776247"
1988-01-22,"209,228952","92,4534412036","28,6100015803"
1988-01-23,"291,632545","62,3473617963","34,1438519829"
1988-01-24,"179,087643","62,1696131891","33,3516753361"
1988-01-25,"103,962879","88,3246658420","31,5040537483"
1988-01-26,"156,323461","64,5231196156","30,8728706108"
1988-01-27,"76,341702","78,4605603343","27,6824961018"
1988-01-28,"178,837737","60,5129473764","30,1296640017"
1988-01-29,"224,444738","83,6204464874","35,0061481553"
1988-01-30,"67,139034","92,8310696499","37,7119717018"
1988-01-31,"54,967104","79,9070031856","25,3972266125"
1988-02-01,"234,348492","81,9093034692","27,8458232999"
1988-02-02,"191,725588","82,2659227538","25,4533300239"
1988-02-03,"163,745160","90,9279208346","29,3801768076"
1988-02-04,"55,173339","91,3943737761","26,0509255420"
1988-02-05,"64,949756","69,4478003960","30,3560148209"
1988-02-06,"242,173837","88,1624281973","31,5712328808"
1988-02-07,"137,702540","86,4250732465","36,1649409912"
1988-02-08,"53,863621","75,8985330163","33,1963461927"
1988-02-09,"165,536719","93,9653057313","26,9472946170"
1988-02-10,,"78,6480595337","26,3076433678"
1988-02-11,indisponivel,"69,2814427810","31,5553098847"
1988-02-12,"97,683086","69,2658688926","25,7832018698"
1988-02-13,"207,369471","67,4638655828","25,8473013200"
1988-02-14,"281,651912","93,5084673580","36,6601922048"
1988-02-15,"245,427362","91,7686571475","34,5914355783"
1988-02-16,"168,998580","73,1276111940","37,0578409566"
1988-02-17,"113,237784","66,8509663259","25,9327837361"
1988-02-18,"172,435664","83,6831511244","37,0785678583"
1988-02-19,"101,875409","66,5385155355","35,2289856150"
1988-02-20,"298,455459","86,3324009036","28,0477145016"
1988-02-21,"134,341938","92,6932235240","32,2478079640"
1988-02-22,"139,005225","73,2138732969","37,2619805308"
1988-02-23,"191,476628","80,1397840964","27,5611543889"
1988-02-24,"213,938576","87,9937818880","28,3518331028"
1988-02-25,"76,667288","69,6378385431","26,5086696881"
1988-02-26,"193,974508","85,1809049536","33,6887616450"
1988-02-27,"172,325705","62,2724440054","27,5917767062"
1988-02-28,"145,286443","81,7949131791","31,1268733064"
1988-02-29,"133,643105","68,5002223918","32,3793316711"
1988-03-01,"191,378206","94,5605226095","24,7420648968"
1988-03-02,"164,077632","75,8207362457","27,6329506279"
1988-03-03,"83,314382","60,3784454856","26,3330101300"
1988-03-04,"77,807690","71,0517146090","29,6705254574"
1988-03-05,indisponivel,"80,5688239935","22,0919995854"
1988-03-06,"173,554625","61,2875757990","24,2936356203"
1988-03-07,"282,195381","63,8969945065","20,2436076919"
1988-03-08,"80,367583","74,6538667065","20,4385098319"
1988-03-09,"104,147559","87,3643793935","20,1313488806"
1988-03-10,"189,767024","85,0427009795","27,4695569367"
1988-03-11,"273,482043","70,1880927933","29,7113861837"
1988-03-12,"206,588797","79,9912941640","21,9190935944"
1988-03-13,"63,490738","94,9247826578","24,9714930818"
1988-03-14,"182,044994","90,2426667376","24,9933051030"
1988-03-15,"59,289772","61,5655663467","21,7202444110"
1988-03-16,"273,617502","72,9138743233","25,5236484018"
1988-03-17,"93,335318","66,3165934206","22,4542256316"
1988-03-18,"158,737576","83,2227666897","29,9910623117"
1988-03-19,"167,298817","66,5061322447","20,6518755472"
1988-03-20,"114,013056","60,7758133241","25,4668857398"
1988-03-21,"261,887381","70,2421211033","24,9828637927"
1988-03-22,"260,904942","91,5164905606","21,1548767803"
1988-03-23,"286,431070","93,8091207537","23,7338054444"
1988-03-24,"264,134550","70,0111045858","26,4796857618"
1988-03-25,"113,816741","91,2730807754","28,1818503958"
1988-03-26,"293,627218","63,8900510420","21,5787671361"
1988-03-27,"181,478063","85,8331413682","20,4366637184"
1988-03-28,"221,795811","70,9156270416","28,4204984848"
1988-03-29,"215,682726","64,3352579965","25,9538307652"
1988-03-30,"53,419504","75,8140647990","24,4164431276"
1988-03-31,"177,254969","77,3897763121","29,9182155464"
1988-04-01,"26,574543","70,5763883258","20,3993490092"
1988-04-02,"38,222075","53,6188008077","25,9133389975"
1988-04-03,"14,836645","71,8721126643","27,2843681738"
1988-04-04,"51,853507","67,0444792168","20,8327072744"
1988-04-05,"98,150251","63,5822307294","28,8627152018"
1988-04-06,"34,444322","74,3300872962","27,6736924401"
1988-04-07,"76,061753","66,9155427084","29,9535808342"
1988-04-08,"16,085471","61,4032150246","29,4657043762"
1988-04-09,"49,483668","63,0580255149","29,4262052933"
1988-04-10,"73,147750","73,4795615745","24,2644990476"
1988-04-11,"67,423988","52,9208049393","22,0006701119"
1988-04-12,"15,852068","59,1726239147","26,1433274014"
1988-04-13,"55,385657","52,3245276230","22,8726175776"
1988-04-14,"40,313729","75,5033521870","23,7154556421"
1988-04-15,"71,433857","56,2293374060","21,3766740398"
1988-04-16,"75,009140","51,7439383899","24,9209196915"
1988-04-17,"66,402083","64,2863049744","29,1694779160"
1988-04-18,"79,143046","75,5812106384","29,2665268053"
1988-04-19,"11,477104","67,1352676210","28,5049983241"
1988-04-20,"80,757994","63,7066032744","27,5553214962"
1988-04-21,"51,534998","68,8994627434","29,0620514520"
1988-04-22,"61,402654","70,7747068341","22,9620903742"
1988-04-23,"86,909918","58,7892998891","22,8221840526"
1988-04-24,"26,974395","79,8491120509","24,7776252390"
1988-04-25,"68,410061","54,4901263276","25,1757455552"
1988-04-26,indisponivel,"65,6465280238","26,7854256171"
1988-04-27,"38,921405","72,0715632016","28,1493306424"
1988-04-28,"30,620447","75,5087557541","22,6867935282"
1988-04-29,"74,769486","64,3872142301","26,9141576621"
1988-04-30,"40,894388","68,8346169253","22,4792544605"
1988-05-01,"36,665489","53,0393630478","24,4296970143"
1988-05-02,"70,535884","68,1540574237","26,8223049672"
1988-05-03,"17,750649","72,9987755421","26,0300589918"
1988-05-04,"54,099619","68,6947326431","23,3117473482"
1988-05-05,"27,662361","71,8636162256","27,6199789588"
1988-05-06,"23,971904","71,6283991674","24,4898388778"
1988-05-07,"79,633423","62,8344222314","24,5667717761"
1988-05-08,"25,095707","68,8513195099","22,4142392830"
1988-05-09,"21,273088","64,0075691006","20,7173250505"
1988-05-10,"62,551343","77,1611173736","26,6059150257"
1988-05-11,"37,724203","55,2196401797","26,5924332574"
1988-05-12,"75,377400","52,4243907349","28,7411317339"
1988-05-13,"42,692945","67,5631076227","21,7482540440"
1988-05-14,"56,120983","65,5909495974","26,2633973733"
1988-05-15,"16,353342","62,1652277161","23,6729726025"
1988-05-16,"66,295880","58,8128149930","20,2267146431"
1988-05-17,"35,190083","51,4805284173",
1988-05-18,"25,616850","75,5737787799","23,1530114061"
1988-05-19,"20,458992","68,0715736113","24,5674564914"
1988-05-20,"97,675494","58,8524592539","25,8821127572"
1988-05-21,"21,446921","79,7291140542","23,1455585722"
1988-05-22,"43,854737","71,9207490875","20,3885545759"
1988-05-23,"28,164713","77,0487029317","25,3981084609"
1988-05-24,"57,098114","63,3191154520","27,7278716880"
1988-05-25,"56,257899","53,2055950595","27,5224386894"
1988-05-26,"71,897929","67,7603417324","21,7307699555"
1988-05-27,"38,986770","77,9478539742","29,3518767616"
1988-05-28,"17,580346","70,4131979359","29,6277826564"
1988-05-29,"77,547898","77,6375145481","21,8834063191"
1988-05-30,"73,482046","65,8871450932","29,5878866840"
1988-05-31,"32,357200","58,6120019268","23,8004533385"
1988-06-01,"22,081047","64,9336820630","19,7582181363"
1988-06-02,"33,807877","54,9756908392","17,7126450122"
1988-06-03,"11,109333","65,5602784131","14,7420255957"
1988-06-04,"1,409138","42,4220202557","21,1992350826"
1988-06-05,"40,964706","47,2070395128","24,7688042381"
1988-06-06,"41,352171","44,7752230638","20,3336902266"
1988-06-07,"32,266676","51,4198989417","22,3957638457"
1988-06-08,"35,148037",,"14,2680492001"
1988-06-09,"30,147788","64,5975976157","18,4457258324"
1988-06-10,"39,471538","47,0810032031","21,8930249080"
1988-06-11,"37,786162","42,3346864075","15,8908299709"
1988-06-12,"20,924051","44,6218464469","15,0321238892"
1988-06-13,"24,673610","68,1751570309","19,9193997484"
1988-06-14,"40,113633","42,6185016692","17,4942160667"
1988-06-15,"29,619138","67,3828322110","15,0922549416"
1988-06-16,"18,456616","52,9460732470","15,0035869129"
1988-06-17,"49,703824","44,4439654110","22,3951687425"
1988-06-18,"17,549947","51,6951477935","23,7867495265"
1988-06-19,"19,475795","54,0400615362","14,2392785244"
1988-06-20,"26,701220","50,6988993253","21,3294178835"
1988-06-21,"14,696263","55,5478335345","23,7152805454"
1988-06-22,"3,757562","48,4399029058","21,0714179189"
1988-06-23,"48,174186","45,0846772020","15,9604634616"
1988-06-24,"44,482756","58,4896851448","20,5059413373"
1988-06-25,"32,740251","58,8844403204","17,1778955231"
1988-06-26,"32,626693","44,9760151212","21,1041005824"
1988-06-27,"12,575566","53,0935481455","18,7778318557"
1988-06-28,"42,875164","67,1401008900","22,8974835636"
1988-06-29,"49,918158","47,6306570455","20,0328576726"
1988-06-30,"44,047688","48,6347601367","20,9669604302"
1988-07-01,"31,008962","44,9077868133","24,9882914143"
1988-07-02,"19,272826","41,0538592023","15,4916155856"
1988-07-03,"7,028911","67,4170359142","22,5616521564"
1988-07-04,"35,191218","46,6465591880","19,7046473088"
1988-07-05,"48,518289","57,1355321473","18,2217797819"
1988-07-06,"30,097959","59,0107898057","15,3555740848"
1988-07-07,"18,774269","41,6065705261","15,7729116529"
1988-07-08,"31,374219","45,6645093203","23,7833031155"
1988-07-09,"6,114978","63,6702303208","15,5375381126"
1988-07-10,"28,223067","52,0834223444","16,8406535151"
1988-07-11,"45,401819","53,0857710560","19,0570971377"
1988-07-12,"25,919899","57,8344259278","17,7403587480"
1988-07-13,"15,899462","58,0164659343","17,6749532369"
1988-07-14,"17,382657","67,7462481804","18,5348048546"
1988-07-15,"45,333442","40,6943612423","21,0915866174"
1988-07-16,"34,130423","55,3429500780","15,8453002028"
1988-07-17,"8,238704","56,9494039832","22,8778800832"
1988-07-18,"23,394005","49,3648156687","23,6725282820"
1988-07-19,"36,355157","45,1142722044","15,7958888228"
1988-07-20,"49,526667","64,4424185894","23,3291147490"
1988-07-21,"36,415330","51,9847875959","24,9295496136"
1988-07-22,"39,144144","59,4593148495","17,8141726462"
1988-07-23,"31,756060","52,6164236542","19,3941832197"
1988-07-24,"28,187276","55,1045500362","16,5833760526"
1988-07-25,"33,910765","60,3189699846","20,8534965667"
1988-07-26,"40,917595","69,4894762958","19,4515762942"
1988-07-27,"21,482190","61,5245326296","17,5703892385"
1988-07-28,"49,042686","54,9333440101","23,3112573120"
1988-07-29,"42,698822","68,9717903587","20,3244976575"
1988-07-30,"9,667466","40,8856724337","15,8714339163"
1988-07-31,"17,150574","42,8671177172","16,2917843382"
1988-08-01,"42,065282","46,9002729678","16,9549164176"
1988-08-02,"27,596645","62,3723557380","20,9383748845"
1988-08-03,"46,904987","46,9793437907","14,2795096932"
1988-08-04,"2,635249","56,2656936864","20,8755162659"
1988-08-05,"46,819449","69,0168732144","16,6957141218"
1988-08-06,"8,215306","69,3053650075","20,5204945341"
1988-08-07,"33,493611","54,2053044036","21,2147295798"
1988-08-08,"38,571786","47,9282010412","23,7304717312"
1988-08-09,"20,716340","63,6503523917","22,5383237835"
1988-08-10,"49,589055","59,0900647946","20,1197873345"
1988-08-11,"9,393147","65,8256354189","14,1345202830"
1988-08-12,"15,212010","45,2885772267","21,4248530890"
1988-08-13,"32,866795","68,3238183693","16,4212117687"
1988-08-14,"49,799144","61,4508969971","23,8520615524"
1988-08-15,"35,428385","66,3727090470","16,6747877114"
1988-08-16,"41,518087","55,4928557964","17,0442526751"
1988-08-17,"32,545180","42,9744102406","20,1260959404"
1988-08-18,"22,425052","57,0628130421","15,9632246788"
1988-08-19,"38,029255","56,2735497500","15,8580860417"
1988-08-20,"2,778094","69,8575887412","20,7341634741"
1988-08-21,"48,726092","48,2712065491","23,8578780424"
1988-08-22,"7,508492","48,5001881757","24,6367154689"
1988-08-23,"44,613364","40,7626786431","21,5560884498"
1988-08-24,"49,449981","63,0664741713","19,2703000333"
1988-08-25,"13,565936","68,4023018151","16,2632790676"
1988-08-26,"43,233898","56,0695603305","23,8437897202"
1988-08-27,"10,412423","56,1509203064","23,3451845841"
1988-08-28,"23,832027","68,6823875752","17,4460096013"
1988-08-29,"19,758245","67,3604687769","23,7355562379"
1988-08-30,"36,148171","48,8053982592","21,9712797113"
1988-08-31,"40,197263","57,4527715296","23,3303101480"
1988-09-01,"31,994830","47,0151923667","29,1070839945"
1988-09-02,"46,351425","42,3558585228","24,5022961615"
1988-09-03,"15,299321","45,7882400856","23,9961990514"
1988-09-04,"25,379709","66,9631330418","24,8555072102"
1988-09-05,"18,531292","55,6748658804","21,9351107762"
1988-09-06,"48,768476","49,2214316960","28,9536041801"
1988-09-07,"1,115500","54,6393216130","28,3670514227"
1988-09-08,"15,817527","54,2302794881","21,8805578423"
1988-09-09,"27,161869","47,0076269352","27,1620407312"
1988-09-10,"0,067150","42,5415697438","23,2630264604"
1988-09-11,"20,198271","61,3093678446","24,5748991169"
1988-09-12,"28,172845","69,4291747041","26,6081573903"
1988-09-13,"8,625021","57,2621066903","22,2033053354"
1988-09-14,indisponivel,"52,1034853586","26,4036118644"
1988-09-15,"23,002071","62,1147119053","28,5423621351"
1988-09-16,"6,015055","56,1210707885","27,4141450366"
1988-09-17,"46,066208","64,3554365800","26,0231231521"
1988-09-18,"27,850981","62,3090354269","20,5904849686"
1988-09-19,"24,444252","50,6978406508","23,7692232441"
1988-09-20,"4,140910","42,2133805617","23,1715795359"
1988-09-21,"23,586069","66,8295694634","26,6875196219"
1988-09-22,"18,730837","43,4731005815","22,6523572888"
1988-09-23,"33,029792","52,0154604629","23,8116223243"
1988-09-24,"2,997596","53,0282466966","22,4098385735"
1988-09-25,"22,943750","58,4508955341","26,4679698917"
1988-09-26,"39,878341",,"24,7417866290"
1988-09-27,"34,924285","55,5099520971","26,8803733068"
1988-09-28,"17,372802","63,3032989039","28,3430434970"
1988-09-29,"15,222713","61,2317298649","26,5404261330"
1988-09-30,"18,286589","42,5170381523","24,8735034013"
1988-10-01,"56,809026","75,8932297782","28,2472937251"
1988-10-02,"90,084207","53,5819743940","20,3754898338"
1988-10-03,"60,562866","55,6066465781","29,6837061865"
1988-10-04,"48,778038","74,9226217166","28,7414567122"
1988-10-05,"30,463795","72,9200145936","20,8259929983"
1988-10-06,"35,335753","51,1910283482","24,1677255991"
1988-10-07,"93,476176","51,8809225266","29,1432227322"
1988-10-08,"85,198893","72,2097478230","22,7907065365"
1988-10-09,"53,166462","69,8311751874","22,8871642650"
1988-10-10,"75,742690","64,3117301379","24,8098297801"
1988-10-11,"38,755484","69,0662462099","25,6444440116"
1988-10-12,"31,165827","58,9703575195","20,8058526435"
1988-10-13,"59,871862","62,2748237585","26,9771650190"
1988-10-14,"78,425177","54,1274097629","26,6059196498"
1988-10-15,"59,479123","63,4402195028","22,8698948748"
1988-10-16,"82,625548","71,5427349772","28,5802576394"
1988-10-17,"25,111594","58,2550526853","28,9117683699"
1988-10-18,"87,096579","65,3568681928","20,6571430255"
1988-10-19,"23,340595","74,0385861183","26,0138099893"
1988-10-20,"14,055893","55,5122018374","27,0158457956"
1988-10-21,"26,137365","70,3979390328","22,9274358015"
1988-10-22,"69,478742","75,8080176647","20,3252825065"
1988-10-23,"42,653615","70,8755166236","27,1304120730"
1988-10-24,"48,034138","61,7635290922","25,3279940421"
1988-10-25,"31,386447","68,7771410681","20,5772835683"
1988-10-26,"38,314536","77,8283524855","29,7133723990"
1988-10-27,"32,316938","76,8027318174","28,0467929822"
1988-10-28,"32,414478","60,9193289971","20,2873133422"
1988-10-29,"72,566596","72,6563135582","20,7370954809"
1988-10-30,"14,478411","57,4185368434","27,8191554786"
1988-10-31,"75,254875","75,1253331074","22,4083233536"
1988-11-01,"42,691226","68,8003598130","28,0461584963"
1988-11-02,"97,603305","76,5273666133","24,0419084217"
1988-11-03,"32,000971","72,3060460662","28,3436823162"
1988-11-04,"16,183544","55,2932991847","21,5764204739"
1988-11-05,"83,804734","61,8308857155","23,8887692769"
1988-11-06,"27,514937","66,3322927430","21,3746812189"
1988-11-07,"20,469721","75,5498876626","29,5464842732"
1988-11-08,"71,099747","59,9269585547","24,4278051037"
1988-11-09,"77,338670","62,7613290537","20,6702371660"
1988-11-10,"10,893948","74,5358262871","20,1130235124"
1988-11-11,"21,788286","73,4308960736","22,2178305902"
1988-11-12,"93,373658","62,9657528550","26,3857758774"
1988-11-13,"72,586189","79,9522468196","25,9622881993"
1988-11-14,"72,067574","69,4245956216","21,6288393421"
1988-11-15,"81,211164","61,9982242515","29,3367707608"
1988-11-16,"34,182664","68,4522110696","23,4713198284"
1988-11-17,"83,495416","71,2489032410","25,6866440714"
1988-11-18,"13,401067","66,3844315408","27,7632846277"
1988-11-19,"69,887733","51,1240981394","21,7246502977"
1988-11-20,"71,373812","73,0658726880","27,4148985751"
1988-11-21,"47,478435","73,0311088455","20,9359155556"
1988-11-22,"64,812857","52,1587592963","20,0021638124"
1988-11-23,"92,769356","55,1153686496","26,8087287174"
1988-11-24,"10,651121","69,7688089675","24,9316924185"
1988-11-25,"61,011833","67,9021800207","21,8930486486"
1988-11-26,"54,800400","63,2988995669","22,9804753396"
1988-11-27,"50,339260","72,8042213796","26,4997331592"
1988-11-28,"86,638439","53,9402932398","23,2358481109"
1988-11-29,"13,540546","76,9460215802","23,4375855199"
1988-11-30,"12,322611","73,7809985566","21,6308015552"
1988-12-01,"129,993841","92,0150594032","36,8011553477"
1988-12-02,"59,537818","83,6454872936","27,9998419736"
1988-12-03,"94,259589","92,1064042164","37,8090094276"
1988-12-04,"261,109467","66,6028622814","29,7364293092"
1988-12-05,"89,760036","65,1737801353","27,4230804222"
1988-12-06,"97,880613","79,3534611012","28,9910322625"
1988-12-07,"138,328642","91,4578941558","37,8492495436"
1988-12-08,"116,992358","86,0402059196","32,1263506740"
1988-12-09,"129,365331","62,3778689624","29,2830467218"
1988-12-10,"197,898075","76,2342635695","37,4784362809"
1988-12-11,"154,583500","86,9174845314","37,7773528989"
1988-12-12,"174,790921","92,0966154592","31,9822705791"
1988-12-13,"172,209208","86,3345610621","37,5231395797"
1988-12-14,"51,909781","79,0758403645","33,0103099173"
1988-12-15,"91,455365","92,8995893349","29,0203586744"
1988-12-16,"82,819899","64,6134020954","28,9556106962"
1988-12-17,"134,002228","75,8931370253","30,6427875418"
1988-12-18,"67,220220","74,6150904180","32,7779723937"
1988-12-19,"242,162048","67,5576126748","32,9321974184"
1988-12-20,"209,710643","74,4998756969","26,4989753418"
1988-12-21,"140,099435","71,4299920436","30,8961511504"
1988-12-22,"121,073941","69,1259859282","35,0203488271"
1988-12-23,"217,112342","60,6458752977","31,3555587758"
1988-12-24,"275,405544","70,6296402767","33,2123816787"
1988-12-25,"113,465943","76,0135339058","26,5193169457"
1988-12-26,"104,929281","63,0216364912","29,3694858194"
1988-12-27,"258,667223","75,4852829810","30,3138662806"
1988-12-28,"270,281682","94,3043434914","30,1814543516"
1988-12-29,"167,757926","67,9450215341","27,9251659187"
1988-12-30,"117,615943","91,3062833779","28,5957651624"
1988-12-31,"89,798870","78,9986636561","36,8967263785"
1989-01-01,"197,560361","84,2993680191","32,6565980961"
1989-01-02,"99,867698","91,6634024649","37,5833809845"
1989-01-03,"217,601785","80,9467149029","35,7671038980"
1989-01-04,"58,318285","67,2676389700","25,3706349157"
1989-01-05,"255,037748","77,5985673766","26,2462814262"
1989-01-06,"134,275709","81,3973362975","27,2019318698"
1989-01-07,"98,778729","84,3519569561","25,8843093595"
1989-01-08,"235,668869","83,2391948623","34,7389101832"
1989-01-09,"125,782747","91,9967968015","33,4722044521"
1989-01-10,"265,607140","83,9980144587","26,3652341974"
1989-01-11,"296,624104","82,4306311096","31,6738773157"
1989-01-12,"201,394430","69,1791763689","36,5439617877"
1989-01-13,"275,648100",,"26,4044332846"
1989-01-14,"70,222444","65,2456489194","35,4575491795"
1989-01-15,"82,251284","75,5177997874","31,6339724407"
1989-01-16,"269,820448","71,5665693318","29,1848972975"
1989-01-17,"299,100691","81,7636909369","37,7311377175"
1989-01-18,"284,912965","78,7008768082","36,0044616089"
1989-01-19,"102,182616","82,9232686920","25,4509400931"
1989-01-20,"52,190256","87,8232744246","30,9698834773"
1989-01-21,"265,066643","66,0400456553","28,0585194684"
1989-01-22,"103,082899","89,9269024910","37,0460789511"
1989-01-23,"267,725932","67,9359994488","32,3913718922"
1989-01-24,"279,888649","66,3699967045","33,8039491379"
1989-01-25,"95,548451","80,6331325148","36,6441499141"
1989-01-26,"279,035343","93,5188607583","28,4681731284"
1989-01-27,"227,537909","65,7820065270","29,7359301503"
1989-01-28,"250,919698","86,4799004612","32,0466110336"
1989-01-29,"104,244340","70,3974169325","33,8227354484"
1989-01-30,"280,323638","65,2304293689","31,2893603424"
1989-01-31,"60,870256","66,9204769154","33,7583672498"
1989-02-01,"102,163013","79,8085610006","36,9603460870"
1989-02-02,"259,762247","65,5769796220","37,4754891081"
1989-02-03,"108,763912","75,3181917429","30,2643935434"
1989-02-04,"252,414811","92,0851824600","28,4628128006"
1989-02-05,"258,447489","72,1373970475","32,6465114363"
1989-02-06,"158,063947","93,1582664852","28,7890762107"
1989-02-07,"96,545175","66,9618243524","28,4969245426"
1989-02-08,"287,893769","92,4239070775","32,0836356667"
1989-02-09,"269,974501","66,9021629863","35,4537857887"
1989-02-10,"151,405359","93,6185516510","28,9958909998"
1989-02-11,"191,612040","66,8923823318","33,1521853161"
1989-02-12,"284,280540","86,1063613042","25,9024922655"
1989-02-13,"211,967445","89,6718580381","27,0968502610"
1989-02-14,"288,570824","79,0658698198","28,8441471987"
1989-02-15,"62,549383","74,5965625028","35,1871148569"
1989-02-16,"193,922767","62,7515153806","27,1305299220"
1989-02-17,"81,827703","69,6039107123","28,7200501023"
1989-02-18,"192,749614","85,4698677194","32,1301704392"
1989-02-19,"79,004087","92,2101188339","37,6332794098"
1989-02-20,"82,093208","63,2309889445","33,7824212587"
1989-02-21,"175,697188","65,9092386401","27,8652220180"
1989-02-22,"218,726559","84,1335260754","28,4070504059"
1989-02-23,"86,563463","71,1669054620","36,7647094431"
1989-02-24,"86,391873","69,8683526214",indisponivel
1989-02-25,"288,488980","78,2348166511","25,8145975460"
1989-02-26,"90,641700","68,5386636286","31,8369394498"
1989-02-27,"227,519837","88,0159414656","35,4712150709"
1989-02-28,"132,391354","82,6744447620","27,5492520781"
1989-03-01,"170,371496","88,8207715222","26,2940932492"
1989-03-02,"89,984118","85,2520288151","22,7378300862"
1989-03-03,"91,111786","86,6313186467","24,3201880840"
1989-03-04,"250,498393","94,1064183489","24,9716193891"
1989-03-05,"210,366500","93,4364153450","27,8543346511"
1989-03-06,"186,017540","78,8810418264","21,1544595805"
1989-03-07,"136,513580","71,6671748058","23,0723664422"
1989-03-08,"131,531418","94,7121867214","26,6028120376"
1989-03-09,"53,621798","62,0634568036","28,0570637420"
1989-03-10,"100,646530","80,1021880748","27,7034775382"
1989-03-11,"236,074016","72,1823291258","25,9258505032"
1989-03-12,"92,324605","85,1385233684","25,5601783690"
1989-03-13,"73,787962","88,8314760699","28,2693333472"
1989-03-14,"251,378329","90,7586795236","28,5085974332"
1989-03-15,"109,016276","63,0419900173","29,2419378383"
1989-03-16,"286,847209","88,8183447254","29,2580322592"
1989-03-17,"206,581964","60,1142928845","22,4818892988"
1989-03-18,"141,436478","84,8930535272","29,1419286861"
1989-03-19,"231,026495","66,1440795833","29,5042045735"
1989-03-20,"282,613297","83,4951322060","20,8164018127"
1989-03-21,"274,948388","75,5803704379","27,3224411446"
1989-03-22,"257,959012","74,3834890354","25,3976369785"
1989-03-23,"207,102490","86,2072877260","28,9224943106"
1989-03-24,"147,724991","81,0437757005","24,4965639646"
1989-03-25,"171,360238","68,7118736810","24,0534675406"
1989-03-26,"289,838239","73,6754147874","24,5622046680"
1989-03-27,"164,517244","73,1920257514","27,2109913735"
1989-03-28,"72,446787","63,8752296353","27,6217624848"
1989-03-29,"132,144460","60,7085240927","25,0232133097"
1989-03-30,"296,822581","94,1460394561","21,0077757786"
1989-03-31,"217,353692","66,7932463388","29,6072546303"
1989-04-01,"38,419555","50,9753230164",
1989-04-02,"12,627753","71,0919933822","21,7607178412"
1989-04-03,"22,564845","52,8814292513","21,9954173197"
1989-04-04,"60,935912","73,0003529874","28,8072136711"
1989-04-05,"22,526964","63,5779069911","25,7721825848"
1989-04-06,"51,190806","71,3050445791","25,3970859668"
1989-04-07,"56,766550","72,7556246574","20,5938324751"
1989-04-08,"10,203044","58,3409971947","25,2131407091"
1989-04-09,"73,041485","64,8800822038","21,0921440577"
1989-04-10,"86,693116","59,4860363447","28,1943025135"
1989-04-11,"98,173346","59,3710466700","24,5695839879"
1989-04-12,"65,958895","58,0090138169","20,9231921592"
1989-04-13,"72,828979","65,9142592189","22,6307821760"
1989-04-14,"98,877562","61,5026623619","23,5690638231"
1989-04-15,"17,468952","62,5415214432","28,9452783464"
1989-04-16,"91,358354","53,8782700189","24,1099893819"
1989-04-17,"59,427194","59,0437413733","27,2516447316"
1989-04-18,"80,056815","76,3610902732","20,8766171564"
1989-04-19,"41,801770","60,5703577755","20,2356521906"
1989-04-20,"64,237476","54,6911394226","28,2249298842"
1989-04-21,"43,714932",indisponivel,"23,1481502035"
1989-04-22,"25,411502","69,6960825757","28,6759086612"
1989-04-23,"73,469906","61,2169860630","28,8360336292"
1989-04-24,"22,016736","61,0856162889","21,5319206347"
1989-04-25,"30,325616","68,9511689911","24,0269709218"
1989-04-26,"68,729352","51,6656253118","23,4761063745"
1989-04-27,"54,823014","70,5391219685","22,2517821469"
1989-04-28,"55,708095","53,2421568024","25,2764696635"
1989-04-29,"57,875215","66,9204387290","29,6226491382"
1989-04-30,"23,176296","75,1551502961","25,8427564499"
1989-05-01,"83,664199","74,7810147015","22,5974891234"
1989-05-02,"83,283655","57,0306033204","25,9122555355"
1989-05-03,"93,435501","68,4203444324","26,5490880114"
1989-05-04,"90,561623","67,7089438722","25,3816359916"
1989-05-05,"32,398294","71,0782003940","26,4765099574"
1989-05-06,"85,272809","68,9119330045","27,7883833054"
1989-05-07,"81,232917","54,6131340764","29,0653617444"
1989-05-08,"84,052579","56,8779890382","28,2378516855"
1989-05-09,"36,236319","53,7011669109","28,6534880656"
1989-05-10,"58,260053","69,9872368898","26,4461583923"
1989-05-11,"69,503017","53,3495185060","25,4584371119"
1989-05-12,"81,241688","55,3109652312","20,1974097988"
1989-05-13,"25,986386","64,2257940759","22,9391181224"
1989-05-14,"97,509443","62,6110052774","24,4447551045"
1989-05-15,"82,029690","51,4553009921","24,0452841057"
1989-05-16,indisponivel,"67,7768864753","28,7763159185"
1989-05-17,"15,656159","63,5441575413","24,3643136043"
1989-05-18,"63,127009","58,7042317353","28,6333529033"
1989-05-19,"46,024613","68,8570459480","21,6699771919"
1989-05-20,"48,394635","66,7657315732","26,5263369214"
1989-05-21,"44,058099","70,5420424937","23,1561600660"
1989-05-22,"42,138335","68,3863666835","27,6990515409"
1989-05-23,"45,115266","58,5997565048","27,0278125320"
1989-05-24,"42,900696","71,6157029718","21,0486913347"
1989-05-25,"38,110369","63,1459366127","29,8411193535"
1989-05-26,"98,654105","78,7632676618","25,8604414554"
1989-05-27,"99,826695","66,2250265377","25,9380352385"
1989-05-28,"73,530098","73,7333914691","27,8551682239"
1989-05-29,"53,092016","57,9509711957","22,5480127990"
1989-05-30,"70,101828","73,5513534058","29,5184489228"
1989-05-31,"88,136594","51,9920225712","23,7704010649"
1989-06-01,"47,019556","62,3171974990","21,6642992540"
1989-06-02,"34,053639","52,7007662480","14,5875821550"
1989-06-03,"22,720594","59,6000087468","20,4362350381"
1989-06-04,"12,252386","55,2937718640","23,6971824094"
1989-06-05,"12,408783","50,1569355254","16,9453265151"
1989-06-06,"48,365941","58,4167961248","21,6520036060"
1989-06-07,"9,730953","65,1486898779","22,6090499376"
1989-06-08,"24,869648","55,3603471711","17,8320181539"
1989-06-09,"8,054226","67,1351690498","17,0761686168"
1989-06-10,"26,935984","40,2360684845","18,7240546188"
1989-06-11,"13,542922","55,8493160177","24,8870355152"
1989-06-12,"30,878038","60,2600868807","19,6982802869"
1989-06-13,"46,412183","68,7704394396","17,2341486049"
1989-06-14,"37,622876","60,0416521510","22,1962715941"
1989-06-15,"15,136606","52,1427284815","17,0497689862"
1989-06-16,"2,897408","52,2524258354","19,2019779931"
1989-06-17,"30,207539","61,5774564768","16,1805906804"
1989-06-18,"18,631372","66,8091037015","22,1657385415"
1989-06-19,"19,131284","58,5236831696","24,4699087941"
1989-06-20,"30,833212","64,5820597173","24,6355987279"
1989-06-21,"7,761158","46,4164109204","22,0545796577"
1989-06-22,"42,639436","65,7018917289","14,4780241650"
1989-06-23,"49,495019","69,8860306186","20,6556428943"
1989-06-24,"14,821354","43,1300948782","24,6541885666"
1989-06-25,"42,025819","48,0021903170","14,9700964217"
1989-06-26,"20,076734","57,9165540389","20,1750935710"
1989-06-27,"31,120504","44,4253221928","24,8316759554"
1989-06-28,"11,303053","65,0729897122","19,6803770963"
1989-06-29,"29,656494","47,7904593902","14,6800232373"
1989-06-30,"41,739923","62,3358458467","14,7284119807"
1989-07-01,"47,394259","60,7468611607","15,1196640962"
1989-07-02,"2,629217","67,8279605328","20,2742445966"
1989-07-03,"19,654895","66,1799045142","18,0782413702"
1989-07-04,"47,493814",,"20,2312143948"
1989-07-05,"27,003134","48,5714524860","18,0660910282"
1989-07-06,"2,684382","42,9052985054","17,2358899401"
1989-07-07,"16,006950","40,4773009479","16,4827545378"
1989-07-08,"49,307426","61,1264007545","14,0427003271"
1989-07-09,"30,126571","42,1622526293","24,2210661147"
1989-07-10,"26,519277","61,7930838382","16,1887685883"
1989-07-11,"49,910352","65,4436431219","20,6822658597"
1989-07-12,"10,601749","43,5409941282","21,9395612930"
1989-07-13,"19,210091","41,0424899259","21,3479053628"
1989-07-14,"34,079206","55,5457290679","21,8062321075"
1989-07-15,"36,830565","41,0791332613","19,6282299823"
1989-07-16,"20,488640","59,4306506514","20,0759572066"
1989-07-17,"0,743305","44,1509196654","24,6780639474"
1989-07-18,"48,145384","48,2351081216","20,5339445960"
1989-07-19,"31,380784","48,1446632708","20,8311355923"
1989-07-20,"23,559248","55,6684783473","24,0194692048"
1989-07-21,"7,165580","47,0855563375","19,7768789284"
1989-07-22,"47,545950","69,2527698153","24,6777197902"
1989-07-23,"22,418827","68,4197540577","20,6307528328"
1989-07-24,"14,964592","67,4172113778","21,5701819926"
1989-07-25,"22,578258","58,2333524701","20,1352479248"
1989-07-26,"33,772300","58,1372195542","22,0734389562"
1989-07-27,"21,673035","42,3227166374","18,7986822260"
1989-07-28,"42,346682","53,1862807690","20,9234499656"
1989-07-29,"35,983373","46,5874632603","24,4858760508"
1989-07-30,"8,071362","60,9610598636","24,5587178989"
1989-07-31,"13,269043","62,9886217474","24,5602679776"
1989-08-01,"11,502369","63,0785866879","15,7927442260"
1989-08-02,"16,645439","61,2042630289","21,1316137146"
1989-08-03,"31,604414","68,9713351719","24,7231651363"
1989-08-04,"48,657981","68,5163181975","17,5488333086"
1989-08-05,"27,917829","55,0526671444","14,2573187362"
1989-08-06,"18,881646","49,9688099403","20,8300729955"
1989-08-07,"27,932728","45,6353792881","15,2653203887"
1989-08-08,"40,362502","43,5961161172","19,3040685090"
1989-08-09,"41,576457","50,8165124019","14,2905363055"
1989-08-10,"29,851247","59,1927987401","14,3941172095"
1989-08-11,"43,641951","63,8868307770","24,3255220596"
1989-08-12,"43,181088","53,3002115999","21,3679756884"
1989-08-13,"35,090749","66,7879133242","18,2762705436"
1989-08-14,"12,395027","40,7511870620","24,0832961277"
1989-08-15,"33,458480","56,1295710986","20,6871231901"
1989-08-16,"34,701355","49,4232575533","19,0100447539"
1989-08-17,"22,416395","69,9233116773","20,1869423029"
1989-08-18,"49,769039","61,5904109244","21,4417201731"
1989-08-19,"17,191216","69,2884471348","21,3662879827"
1989-08-20,"23,685814","64,8661744326","18,0005677282"
1989-08-21,"44,112142","56,9598295403","19,0013697965"
1989-08-22,"37,777516","41,6722468373","18,6690792144"
1989-08-23,"33,219704","52,8167081348","24,8949658425"
1989-08-24,"21,379219","67,9086038575","23,2042551418"
1989-08-25,"31,925327","53,3184181338","22,2621865210"
1989-08-26,"10,315987","57,8515504655","15,8146249641"
1989-08-27,"18,081825","40,1390801120","17,7824596247"
1989-08-28,"27,323564","45,3713813695","17,0200018521"
1989-08-29,"3,373483","67,6855954567","22,7073279555"
1989-08-30,"2,291856","64,9479893547","15,9054364326"
1989-08-31,"29,357104","55,7216684257","17,9876815510"
1989-09-01,"42,369465","57,3270225361","26,2274714367"
1989-09-02,"24,723204","60,2608962786","27,3317593599"
1989-09-03,"40,548057","50,5278197041","22,7004726195"
1989-09-04,"14,663063","54,0608134969","20,9896921644"
1989-09-05,"17,534957","63,0365592399","24,5828687377"
1989-09-06,"7,663351","52,3942961298","20,7151350897"
1989-09-07,"3,671116","58,1500320038","22,5241369588"
1989-09-08,"32,377939","57,2687090561","20,6058589845"
1989-09-09,"46,989317","49,2129903482","23,9513298017"
1989-09-10,"21,290317","65,9630315937","20,5973250044"
1989-09-11,"39,117969","52,4869350437","21,1177861027"
1989-09-12,"10,105161","44,7209448500","25,3152110402"
1989-09-13,"26,165097","62,8763923199","20,3918046590"
1989-09-14,"49,875050","45,8648451829","25,5056815504"
1989-09-15,"42,495783","63,5215953198","21,6275571130"
1989-09-16,"12,718367","57,8156477608","24,8371012503"
1989-09-17,"14,969697","58,2767791597","25,9841772387"
1989-09-18,"23,835589","68,2433627050","23,9257239608"
1989-09-19,"19,379739","63,0885302227","26,5923644552"
1989-09-20,"6,601102","43,5409096195","25,9523387902"
1989-09-21,"25,330143","60,4889181417","23,5960823336"
1989-09-22,"41,284390","60,6287754618","22,2155011235"
1989-09-23,"30,323982","61,3907475657","23,6401493922"
1989-09-24,"13,085790","40,3237710444","21,3624980552"
1989-09-25,"15,248383","40,9816103250","25,8807507406"
1989-09-26,"37,920328","51,5559793403","22,0918369363"
1989-09-27,"45,107205","58,7189154678","20,6973672812"
1989-09-28,"15,395907","43,7921018879","22,3183719593"
1989-09-29,"38,599410","62,3421149782","28,2486298653"
1989-09-30,"47,604543","63,1533526669","27,8305617805"
1989-10-01,"75,792558","65,6479658969","22,8914225627"
1989-10-02,"91,729351","51,3032688349","27,5109281789"
1989-10-03,"65,060589","67,4698129978","27,8360909641"
1989-10-04,"37,840004","72,7149567263","25,3970712906"
1989-10-05,"47,010814","73,7703978578","29,0988638447"
1989-10-06,"99,232944","75,0485431742","27,5975117702"
1989-10-07,"49,024316","51,6905625750","26,6222914051"
1989-10-08,"76,447439","71,6976203652","28,8605165739"
1989-10-09,"35,659115","53,4386354621","26,3505195724"
1989-10-10,"46,171403","72,2309892774","27,1989111030"
1989-10-11,"10,359270",,"26,5526148577"
1989-10-12,"50,671819","51,3860676144","23,6130645419"
1989-10-13,"16,006839","79,0824816490","28,9310462388"
1989-10-14,"18,318836","64,2145767520","27,6599449119"
1989-10-15,"64,529560","77,2022216890","20,7798024920"
1989-10-16,"21,555602","66,0726840541","27,5211481416"
1989-10-17,"71,685774","52,3919049603","29,6245313505"
1989-10-18,"82,642775","56,3603920930","27,1397654036"
1989-10-19,"62,162420","78,8162372708","25,3399017494"
1989-10-20,"87,087016","65,9789001287","27,2787266367"
1989-10-21,"77,081573","56,1980375774","25,2442923237"
1989-10-22,"61,604042","73,6939080647","21,8630356808"
1989-10-23,"28,270879","77,1434345942","27,0075348615"
1989-10-24,"71,640136","63,5656905615","22,2499660941"
1989-10-25,"81,530556","79,6659296692","21,0016557611"
1989-10-26,"61,405795","74,0511429889","27,7007310745"
1989-10-27,"87,543228","79,1436550957","24,0236353772"
1989-10-28,"61,897224","70,3526602140","23,7426234052"
1989-10-29,"70,301302","63,5539109413","26,0040088801"
1989-10-30,"12,821043","52,0601649556","24,6613411528"
1989-10-31,"50,761081","70,5599716216","23,9143911550"
1989-11-01,"76,732737","55,0580465254","27,2359871310"
1989-11-02,"11,253754","51,7753452374","23,8025488436"
1989-11-03,"25,200025","67,1328875734","26,9989826682"
1989-11-04,"17,601278","57,8712740413","29,1456054712"
1989-11-05,"46,258532","74,2202402380","28,3787189210"
1989-11-06,"32,695572","65,2777432937","24,1238295027"
1989-11-07,"83,959577","78,9808254978","27,7220345144"
1989-11-08,"82,053952","52,2181282079","27,4015015083"
1989-11-09,"17,483042","59,0597371736","29,4998237602"
1989-11-10,"16,177289","52,1953706338","21,0600210614"
1989-11-11,"76,617304","59,8839618305","21,3189119444"
1989-11-12,"75,209745","69,7186619506","20,1908527645"
1989-11-13,"32,324570","79,6356138206","21,7925751492"
1989-11-14,"36,858888","63,3676425625","26,7758927347"
1989-11-15,"37,191972","67,8554743712","28,9193244804"
1989-11-16,"87,170551","63,7439571187","21,1526522074"
1989-11-17,"12,576828","74,2212720081","23,4641055483"
1989-11-18,"29,734522","64,1806648166","20,0640452626"
1989-11-19,"74,938463","54,3094407198","24,7965687087"
1989-11-20,"38,382695","59,7702970477","21,2790467663"
1989-11-21,"58,096826","68,7171904091","22,3542056672"
1989-11-22,"37,540698","76,6211821799",
1989-11-23,"90,090449","67,3009338602","28,1680550370"
1989-11-24,"13,937354","69,8529502751","20,1090859319"
1989-11-25,"14,552278","67,4727111030","24,1970799140"
1989-11-26,"88,325976","56,5276273355","20,5323923115"
1989-11-27,"59,928285","50,4595765301","25,0526051879"
1989-11-28,"50,599220","64,6300891780","29,9589760850"
1989-11-29,"86,660684","76,4117915756","28,2686647803"
1989-11-30,"59,522791","66,5040864510","28,6184882151"
1989-12-01,"158,367678","68,2939123267","27,8167085726"
1989-12-02,"245,347214","72,9107624490","30,6257720656"
1989-12-03,"125,632875","66,1427992522","37,8092797258"
1989-12-04,"148,962284","74,3388275348","37,7090500367"
1989-12-05,"96,251825","64,0845755850","35,8116513500"
1989-12-06,"212,341706","69,6917412540","29,3247538823"
1989-12-07,"81,119257","76,7455040022","37,6509815854"
1989-12-08,indisponivel,"83,8638427842","27,5289161752"
1989-12-09,"257,136847","71,3585889421","32,3620533044"
1989-12-10,"56,739811","90,4213819744","32,9674652152"
1989-12-11,"79,078960","69,7716042416","25,1229112567"
1989-12-12,"289,435111","80,9595185985","28,2103856606"
1989-12-13,"63,536500","80,3781880485","34,5079665309"
1989-12-14,"252,101307","70,7752686835","35,0654676424"
1989-12-15,"62,238771","63,6303833450","29,3615720356"
1989-12-16,"98,319828","61,3963350440","34,7173048292"
1989-12-17,"287,142522","61,6805915795","33,5135819757"
1989-12-18,"113,129831","79,4620357507","25,6624067853"
1989-12-19,"294,068988","61,3717461585","32,2118877369"
1989-12-20,"251,778523","69,5563933144","37,7004570686"
1989-12-21,"135,882027","85,8656392152","31,3820314009"
1989-12-22,"71,475598","61,8934347712","29,8031602232"
1989-12-23,"93,911288","91,2729386801","33,0987642187"
1989-12-24,"187,705122","82,0948226826","25,9751389295"
1989-12-25,"136,379394","85,3154960420","26,0453294027"
1989-12-26,"244,946770","88,5076717784","27,5869265792"
1989-12-27,"67,539281","73,4889271122","32,0334983808"
1989-12-28,"263,657146","91,3745355828","34,3835689291"
1989-12-29,"221,078568","75,1281046482","36,9877024789"
1989-12-30,"232,541630","74,3528437705","28,2033107720"
1989-12-31,"158,259569","85,5211681213","25,8948100019"
1990-01-01,"200,080569","93,1724610753","34,7647145534"
1990-01-02,"241,725551","78,3876040106","29,8736237884"
1990-01-03,"270,540912","94,4075185721","25,0055082488"
1990-01-04,"142,079032","85,4461458287","35,9202115581"
1990-01-05,"99,146851","80,2069003818","30,5859925018"
1990-01-06,"287,281092","63,4576481880","26,0663706576"
1990-01-07,"80,239412","66,0751598049","35,8337455739"
1990-01-08,"92,411938",,"34,3117554357"
1990-01-09,"140,521798","83,3558998834","26,6811922389"
1990-01-10,"189,428115","79,7466007278","28,4597197758"
1990-01-11,"171,334830","65,0807198065","25,4575301081"
1990-01-12,"186,599667","76,9575502915","26,0260648622"
1990-01-13,"261,192300","67,9131410228","32,4894507859"
1990-01-14,"258,667437","93,8448209998","31,9662593797"
1990-01-15,"80,339003","71,0354585318","26,4105059888"
1990-01-16,"188,632002","70,5554410370","30,5719003570"
1990-01-17,"190,858081","77,5773371769","28,1232769090"
1990-01-18,"298,767190","86,5121985793","26,1876879185"
1990-01-19,"75,355889","72,6840826046","27,4401214757"
1990-01-20,"232,628579","88,9237343805","34,5623515445"
1990-01-21,"150,788758","69,1136076904","33,0550942606"
1990-01-22,"247,931199","86,7488384334","26,7771119118"
1990-01-23,"187,918151","67,6880594588","27,7449320502"
1990-01-24,"169,832114","75,5040897676","32,3975234126"
1990-01-25,"130,305141","71,2461858606","31,9273935122"
1990-01-26,"148,357184","64,5486904863","29,0892712409"
1990-01-27,"137,591984","68,7599834502","27,0042451439"
1990-01-28,"178,797778","69,6633321663","27,2262368234"
1990-01-29,"238,267319","79,4304546549","34,5360191624"
1990-01-30,"198,543261","85,0192861727","34,3516579996"
1990-01-31,"128,705001","80,8482012507","31,1382039619"
1990-02-01,"160,209897","83,1552342634","35,8003379053"
1990-02-02,"51,216924","88,6643169432","36,0388496104"
1990-02-03,"281,883075","75,8954917288","35,7739967313"
1990-02-04,"100,570145","89,2588633225","36,4367112718"
1990-02-05,"106,498680","91,7153193393","27,7505274744"
1990-02-06,"265,893981","82,2657238896","28,9717558233"
1990-02-07,"107,073673","93,4811189875","32,6964800533"
1990-02-08,"52,985090","68,9141676421","36,6503909218"
1990-02-09,"74,575631","94,7654306993","34,4512731746"
1990-02-10,"271,532626","89,3247606808","27,3090290009"
1990-02-11,"296,551892","90,6360170576","26,3979264319"
1990-02-12,"208,394941","83,4419152121","30,5212203431"
1990-02-13,"109,137137","77,2096704720","25,7279840983"
1990-02-14,"246,657912","74,2961335509","34,2984840312"
1990-02-15,"263,769523","75,7878805804","37,9828823237"
1990-02-16,"257,637696","69,1159024165","36,1897358242"
1990-02-17,"271,328150","84,7706354153","36,2290194606"
1990-02-18,"164,552346","88,8504657030","36,7641575700"
1990-02-19,"260,650173","79,1412941054","29,8237501490"
1990-02-20,"83,214595","88,7792103715","28,8663292686"
1990-02-21,"190,680361","83,9298365350","26,8225138478"
1990-02-22,"102,978289","62,3442690578","26,8893737968"
1990-02-23,"246,741918","85,1389730663","34,3690707929"
1990-02-24,"177,239452","61,9366968373","33,9259684330"
1990-02-25,"212,680091","82,7112883447","28,1864356578"
1990-02-26,"83,565982","76,6743404957","35,8494038623"
1990-02-27,"265,009839","69,7255404179","37,0714428003"
1990-02-28,"253,015028","89,8693036232","25,3198635597"
1990-03-01,"261,290331","69,3129122891","29,8691759735"
1990-03-02,"299,709253","73,0830063576","22,2795651008"
1990-03-03,"58,942685","65,7968155343","22,6549644049"
1990-03-04,"245,510642","61,5897256393","26,7812880218"
1990-03-05,"154,857387","64,7123225427","21,2736757300"
1990-03-06,"249,605761","92,8385314513","29,6387002012"
1990-03-07,"111,412371","74,2447505976","21,1872979849"
1990-03-08,"186,157067","84,4379993210","20,0850949171"
1990-03-09,"195,368774","84,9540450983","25,5841921671"
1990-03-10,"92,096443","94,3580831963","20,9981436419"
1990-03-11,"178,561739","80,4795939584","25,4225725110"
1990-03-12,"84,597905","84,0063866422","29,9726949229"
1990-03-13,"294,606795","81,0977432523","25,3145366948"
1990-03-14,"287,944938",,"29,5550211633"
1990-03-15,"94,152577","63,9714946256","24,7881532672"
1990-03-16,"61,538948","89,9756260347","24,7673287776"
1990-03-17,"235,591678","66,0773723338","22,5606701687"
1990-03-18,"113,339985","67,4513934723","26,2730980602"
1990-03-19,"66,787566","63,1696305569","28,0399064270"
1990-03-20,"296,599519","63,3889004545","23,2621915348"
1990-03-21,"135,303286","94,4365378738","28,1602661951"
1990-03-22,"184,945090","73,5015645317","23,4651447229"
1990-03-23,"134,772569","71,4271721830","21,6720722257"
1990-03-24,"292,545866","92,9935023790","20,7952912721"
1990-03-25,"151,590447","88,8414548491","25,1450322234"
1990-03-26,"147,505153","79,4580617168","22,8386871421"
1990-03-27,"160,892687","88,7858653166","27,0747582696"
1990-03-28,"202,296765","63,6519476895","27,7445741719"
1990-03-29,"98,822559","71,6326063056","24,0761721856"
1990-03-30,"143,492124","62,8525578184","25,6290893904"
1990-03-31,"90,479207","62,6427345072","22,7700721985"
1990-04-01,"50,999093","59,2691350372","22,1382991371"
1990-04-02,"80,274880","63,8850634399","22,5894123794"
1990-04-03,"67,587719","55,4814298622","27,6302386560"
1990-04-04,"63,265585","59,7462993990","29,7195297034"
1990-04-05,"64,839534","56,1387899902","20,2890807731"
1990-04-06,"83,916197","73,2918408942","26,9314708415"
1990-04-07,"88,125268","79,9304140957","29,5367856664"
1990-04-08,"98,566370","73,9251247695","26,1620457646"
1990-04-09,"66,448220","52,7517636492","26,4413043759"
1990-04-10,"29,048213","51,0612516473","23,1970461217"
1990-04-11,"65,820913","53,3320771823","20,4545214067"
1990-04-12,"58,690945","51,7361783444","21,5761310391"
1990-04-13,"72,468664","66,7333756828","20,4310698830"
1990-04-14,"70,591446","54,6118176569","28,0039402939"
1990-04-15,"83,235477","62,0821951159","22,2786270859"
1990-04-16,"34,965676","50,3411484273","28,1000937598"
1990-04-17,"48,597049","64,3929521289","21,6346685668"
1990-04-18,"92,222857","71,0517198201","22,7180065977"
1990-04-19,"34,102388","77,8068553785","24,9164899832"
1990-04-20,"77,845348","54,3527719174","24,4874022375"
1990-04-21,"91,348699","77,0954599292","25,5526159197"
1990-04-22,"38,328013","73,9872773654","22,4159353573"
1990-04-23,"87,203048","74,6803769887","22,0562007156"
1990-04-24,"68,029900","64,9623240850","26,0384478555"
1990-04-25,"86,660536","78,2062395723","24,6756689710"
1990-04-26,"80,256798","62,5380539114","28,8419624028"
1990-04-27,"50,816263","73,6338083037","29,8269682811"
1990-04-28,"88,099133","52,3723655273","27,0097508756"
1990-04-29,"35,690547","57,4129410901","22,3114243186"
1990-04-30,"16,365910","74,4174590227","22,3711690318"
1990-05-01,"10,105422","52,9380557964","28,6557906169"
1990-05-02,"84,348661","67,7130384010","22,8924139691"
1990-05-03,"29,256819","52,1125694179","24,8836502979"
1990-05-04,"27,026515","72,2182772053","23,5154135024"
1990-05-05,"76,729979","60,3657588007",indisponivel
1990-05-06,"98,362142","64,0207555376","26,5893122526"
1990-05-07,"32,274236","59,9150243437","25,3953121711"
1990-05-08,"44,453605","59,0950295686","29,0552195093"
1990-05-09,"80,459310","69,4947991272","26,5543183411"
1990-05-10,"77,528311","67,8298623923","27,7744741049"
1990-05-11,"53,691168","68,0376148805","28,8582985367"
1990-05-12,"75,955135","50,7543732142","26,5356092973"
1990-05-13,"85,993649","75,2210957462","21,4140654536"
1990-05-14,"45,730305","79,3044411936","27,1706967029"
1990-05-15,"53,024012","65,1803195888","23,6649923730"
1990-05-16,"72,788811","58,3272045811","25,7673445512"
1990-05-17,"71,137171","63,7692857019","27,6757841207"
1990-05-18,"66,661912","53,4520267057","22,8543825271"
1990-05-19,"94,692463","70,7725748788","20,0935709724"
1990-05-20,"83,711864","78,4640939071","28,3835779581"
1990-05-21,"59,393197","56,9696275859","27,8158738979"
1990-05-22,"18,485404","74,4023920036","24,8209248573"
1990-05-23,"11,795631","51,7688329439","28,9879177841"
1990-05-24,"11,819515","62,5342394069","26,2028745702"
1990-05-25,"78,164950","68,7554585568","22,4201829155"
1990-05-26,"12,932956","66,8949227691","26,0769763046"
1990-05-27,"73,076019","78,2824874131","24,3047807743"
1990-05-28,"97,267833","71,7660028110","20,5829738355"
1990-05-29,"44,535759","78,0046195506","27,6107451973"
1990-05-30,"79,318917","73,5990483899","20,1353701377"
1990-05-31,"65,918135","50,6744144119","23,3470542203"
1990-06-01,"15,876179","61,6419003808","23,1783369639"
1990-06-02,"46,062964","62,7332906418","16,1554662433"
1990-06-03,"7,671107","48,8128596254","20,8826334681"
1990-06-04,"45,763081","40,5837879241","20,8044838304"
1990-06-05,"49,031454","56,4971746367","16,7983929336"
1990-06-06,"5,826544","41,4546317540","17,6515040815"
1990-06-07,"45,541437","41,2701319161","23,7129779294"
1990-06-08,"17,555099","56,6969588180","21,3183575175"
1990-06-09,"23,501243","64,3759666795","24,7658729984"
1990-06-10,"4,686355","43,3407088070","24,2786281968"
1990-06-11,"0,413642","48,8481873402","19,8971143055"
1990-06-12,,"51,5534602689","22,0860214188"
1990-06-13,"40,622541","68,1281229003","23,1308751061"
1990-06-14,"23,614427","65,6841851941","19,1065643457"
1990-06-15,"2,671863","43,5682305450","22,2306093419"
1990-06-16,"34,121935","51,9315268025","18,9106891246"
1990-06-17,"36,446987","51,0713535904","22,9404257543"
1990-06-18,"33,539257","45,4868304473","15,6670139102"
1990-06-19,"27,180245","66,9121700245","16,5604545272"
1990-06-20,"9,425955","44,4675300532","15,6728851689"
1990-06-21,"33,981712","51,9936003243","14,5845329612"
1990-06-22,"6,086837","43,2693117940","24,5462604001"
1990-06-23,"5,545985","48,0992018542","17,1073572342"
1990-06-24,"49,298361","63,6360494218","22,4030470327"
1990-06-25,"37,798794","58,6354466234","19,2716616188"
1990-06-26,"12,331785","65,9222774230","23,6065065912"
1990-06-27,"41,068071","62,5294950383","23,5014812041"
1990-06-28,"17,400408","42,9478954830","17,7197005687"
1990-06-29,"42,047946","48,0758142465","16,5994970631"
1990-06-30,"16,368111","53,7895684956","19,3142169292"
1990-07-01,"0,236704","40,3465845751","22,5299502080"
1990-07-02,"34,030186","52,1700892111","19,3052431498"
1990-07-03,"21,413827","59,3306637665","19,6689646733"
1990-07-04,"43,987562","56,9016174625",
1990-07-05,indisponivel,"47,8564194494","16,0933592092"
1990-07-06,"0,883827","67,4004928349","22,5505522151"
1990-07-07,"32,152932","65,4208985592","24,6406274538"
1990-07-08,"7,259384","52,0906084424","14,4510670738"
1990-07-09,"5,820502","42,0392369053","17,3620640542"
1990-07-10,"14,492610","46,8189687955","15,9996196071"
1990-07-11,"48,368525","54,4990720106","17,2922666382"
1990-07-12,"5,627446","58,0557118418","17,5455085751"
1990-07-13,"12,527098","41,1203008994","16,9450410046"
1990-07-14,"3,181760","46,5214555904","20,3296782381"
1990-07-15,"19,310692","57,6134792843","21,4394418489"
1990-07-16,"16,379154","68,2830090014","20,7392398453"
1990-07-17,"26,190995","43,5296575838","19,8696618242"
1990-07-18,"41,115656","40,7551840232","17,1856715019"
1990-07-19,"32,304469","58,2182605076","21,3122765115"
1990-07-20,"23,999367","63,7035274930","23,8649875682"
1990-07-21,"22,063780","65,3337708706","15,6405804027"
1990-07-22,"5,874436","45,0383256582","22,4054852007"
1990-07-23,"4,934795","53,6916540149","22,9441840528"
1990-07-24,"41,959736","63,3713596461","15,8212179331"
1990-07-25,"11,329516","51,9269535950","24,5919994260"
1990-07-26,"4,027004","41,1208390179","18,0794598504"
1990-07-27,"30,967159",indisponivel,"19,3600300445"
1990-07-28,"25,791629","40,2253785690","15,2753817237"
1990-07-29,"9,796010","42,9067222127","18,0550616263"
1990-07-30,"33,394293","57,6350683601","16,5335234752"
1990-07-31,"24,719389","57,8657613389","14,9905493455"
1990-08-01,"27,952616","45,6945806039","17,3962449289"
1990-08-02,"38,349470","45,5419125761","14,3264439306"
1990-08-03,"29,722301","63,7100479923","21,9378141354"
1990-08-04,"27,541518","66,3517001449","14,9946693851"
1990-08-05,"24,068127","65,9130710107","18,1810404978"
1990-08-06,"41,468854","56,1570546247","18,2107246544"
1990-08-07,"13,905453","65,1091330103","20,9806935080"
1990-08-08,"24,922663","51,7534869659","16,3009052692"
1990-08-09,"15,733300","59,1133526610","20,8446237396"
1990-08-10,"4,490761","59,2744030533","21,9679574380"
1990-08-11,"25,021400","41,3319659438","14,3055921479"
1990-08-12,"28,344106","55,9375288378","21,1207682163"
1990-08-13,"20,670965","55,0921213347","22,9950957288"
1990-08-14,"34,549600","56,0983243723","21,0787100183"
1990-08-15,"4,490845","46,0277918602","22,0769095189"
1990-08-16,"28,781647","51,5835026832","23,0975578914"
1990-08-17,"21,659490","49,8603387810","21,3970102023"
1990-08-18,"17,642121","40,5045873189","17,8520482716"
1990-08-19,"13,942475","57,2739146245","21,3796886319"
1990-08-20,"48,131126","42,0121530485","18,9660317706"
1990-08-21,"44,894894","50,7932101319","22,1698020606"
1990-08-22,"13,063612","49,7132972758","16,5708114542"
1990-08-23,"49,967630","60,5414550317","21,4570272209"
1990-08-24,"14,564629","44,4138529112","15,0717526512"
1990-08-25,"11,468145","66,8594792468","21,8023624520"
1990-08-26,"10,877672","64,3431804798","21,5863231639"
1990-08-27,"19,086209","69,6053003407","21,3966926322"
1990-08-28,"26,464508","53,1138593650","18,4507594075"
1990-08-29,"34,292671","51,0506059545","16,4834233570"
1990-08-30,"19,715664","66,5439643832","23,3967301102"
1990-08-31,"35,214387","51,2265071426","21,7684092127"
1990-09-01,"37,255263","49,3750994360","23,8617850629"
1990-09-02,"18,982805","66,5456980201","27,6234406567"
1990-09-03,"47,288731","51,0858458277","29,1831658071"
1990-09-04,"7,167796","56,6798919035","23,8657983968"
1990-09-05,"38,149072","64,4147107672","28,2947502382"
1990-09-06,"7,789228","59,5624349735","28,9958507737"
1990-09-07,"22,580218","52,9247282424","27,7234273494"
1990-09-08,"37,349277","55,9566567681","21,5553336300"
1990-09-09,"3,474062","58,9529648339","27,6537396643"
1990-09-10,"19,430067","51,8589531913","24,7410655682"
1990-09-11,"31,182458","55,0429565024","29,5932838577"
1990-09-12,"9,088769","48,8026879660","22,3484330256"
1990-09-13,"9,502409","53,2645284426","28,6983812641"
1990-09-14,"24,542505","44,1623825841","28,4112660597"
1990-09-15,"39,139093","49,3719008882","20,7663470953"
1990-09-16,"11,593375","56,0450459395","26,1726165090"
1990-09-17,"35,345583","68,4565809715","27,0983650712"
1990-09-18,"9,699347","54,3029979925","23,0369989312"
1990-09-19,"32,797961","58,2069022443","20,0033110276"
1990-09-20,"16,583169","55,1537954391","25,7828207009"
1990-09-21,"18,043245","47,2669579253","23,5731837926"
1990-09-22,"31,799738","63,0163435663","21,5626873681"
1990-09-23,"32,945866","49,0991555008","29,1095760744"
1990-09-24,"42,400058","46,9407645478","22,7281694700"
1990-09-25,"37,545130","57,1667278291","27,7955894566"
1990-09-26,"33,545499","48,2467598990","22,4794022727"
1990-09-27,"41,646962","40,7738618098","25,1453007203"
1990-09-28,"45,838015","63,9223094141","26,0093294555"
1990-09-29,"16,539274","65,1966980598","22,1385455313"
1990-09-30,"38,063313","64,4027148376","24,6734285709"
1990-10-01,"67,763044","56,1253012639","25,3862599918"
1990-10-02,"89,547527","68,9454705493","22,7196031863"
1990-10-03,"13,596045","63,0615669314","26,6383399094"
1990-10-04,"69,306965","55,4940092408","21,4547854586"
1990-10-05,"48,396729","57,7110860311","22,6979478330"
1990-10-06,"80,374496","64,6472947644","20,4872031254"
1990-10-07,"10,907319","58,5469136923","26,0477882772"
1990-10-08,"61,008281","78,9570455238","21,6403788202"
1990-10-09,"18,720489","72,0927306050","25,6763572119"
1990-10-10,"10,376346","62,2878725169","25,4631751207"
1990-10-11,"78,696155","63,2490334318","26,3384482394"
1990-10-12,"56,285259","76,0168264554","23,8025177797"
1990-10-13,"17,075628","69,4644625291","26,1571149580"
1990-10-14,"46,946459","54,4412518409","23,6036416106"
1990-10-15,"57,329318","75,2107347486","26,0264292816"
1990-10-16,"94,659262","71,9224653905","23,2685968134"
1990-10-17,"65,391312","54,7087234959",indisponivel
1990-10-18,indisponivel,"54,3855980185","21,2397423903"
1990-10-19,"63,442438","72,4982873702","22,1491376932"
1990-10-20,"52,438125","62,2185520819","25,7734479798"
1990-10-21,"50,056504","57,5975107790","29,0544832605"
1990-10-22,"82,188929","68,6987386616","29,4584811191"
1990-10-23,"18,127577","72,3586978368","20,6971720055"
1990-10-24,"61,401098","56,9959771044","25,1063781133"
1990-10-25,"66,051074","54,6230912326","22,7863984481"
1990-10-26,"24,463293",indisponivel,"24,8497354393"
1990-10-27,"13,950164","52,2207750235","25,0137254626"
1990-10-28,"23,267891","61,7560256150","23,0709738915"
1990-10-29,"31,612880","60,4266446313","22,7821573956"
1990-10-30,"36,617911","51,4685823152","21,3481357887"
1990-10-31,"57,693978","78,3109904452","28,3111650351"
1990-11-01,"27,287596","66,4710933221","20,0302014948"
1990-11-02,"30,126914","62,5261026156","25,6041948011"
1990-11-03,"47,426822","71,5296404305","21,3284543299"
1990-11-04,"47,078127","64,5051906226","27,1340349364"
1990-11-05,"77,365572","65,5003826068","29,6285173754"
1990-11-06,"76,323182","79,6205182317","28,1311059292"
1990-11-07,"61,851519","53,7916191831","29,6404271322"
1990-11-08,"42,650929","67,6635401903","27,7555017036"
1990-11-09,"95,325161","69,8948998315","28,6200935961"
1990-11-10,"15,817465","61,4765517058","21,4121364730"
1990-11-11,"99,626285","66,2689187136","25,7964789354"
1990-11-12,"18,931614","59,7537853273","20,9794222838"
1990-11-13,"91,487628","51,0511379298","28,4635072256"
1990-11-14,"15,878026","66,0208542213","24,3431757343"
1990-11-15,"84,595898","61,0769051889","20,9219166333"
1990-11-16,"83,757089","65,5293621855","23,6072604462"
1990-11-17,"62,942734","70,1238699510","22,9605552221"
1990-11-18,"83,676809","68,7830681212","27,9446718943"
1990-11-19,"49,709463","75,7349070123","29,0194741015"
1990-11-20,"76,012871","67,5787254357","26,3204941434"
1990-11-21,"33,590599","50,4559992411","26,3326560315"
1990-11-22,"91,052838","74,9216709072","28,7311452585"
1990-11-23,"96,674495","66,3815904124","22,1197706739"
1990-11-24,"45,612126","64,7254975400",
1990-11-25,"57,445986","68,5910628372","24,7098431642"
1990-11-26,"91,091401","69,5122002113","21,0843947571"
1990-11-27,"75,731501","79,0966599228","24,7810044876"
1990-11-28,"67,905481","53,9416274516","20,8347209027"
1990-11-29,"21,696285","74,0541727145","25,9805366438"
1990-11-30,"54,946989","52,8251142904","29,5945821912"
1990-12-01,"131,929347","87,0273591398","33,5166139747"
1990-12-02,"283,621739","80,6787814878","29,4241898065"
1990-12-03,"265,171580","67,8225154663","30,6356998054"
1990-12-04,"79,542429","62,1045909183","34,1992262681"
1990-12-05,"289,143690","85,5572077927","30,3283306714"
1990-12-06,"214,201200","74,4081605547","37,6143552867"
1990-12-07,"255,805312","68,4208347298","37,3877143875"
1990-12-08,"106,242405","89,6511058495","37,7264815904"
1990-12-09,"110,750572","84,8684294657","27,2480636329"
1990-12-10,"117,353332","64,0810530360","26,3890382616"
1990-12-11,"133,031346","88,2541353455","29,3862133611"
1990-12-12,"110,223583","67,5027608691","26,6564506683"
1990-12-13,"195,788383","75,4351183121","29,8027242190"
1990-12-14,"193,629853","81,6394480142","25,8806914112"
1990-12-15,"167,576549","70,7995692894","31,4578503903"
1990-12-16,"287,704313","71,6250364087","35,8323132889"
1990-12-17,"99,208897","86,3620702452","34,3006749314"
1990-12-18,"59,358498","68,5359205672","32,0204411347"
1990-12-19,"88,469414","68,0436262967","27,3651184664"
1990-12-20,indisponivel,"76,7785679070","30,1908939092"
1990-12-21,"284,974013","65,9360623770","30,1115293767"
1990-12-22,"135,491039","92,8269738149","25,3240300835"
1990-12-23,"125,390827","87,2604343769","25,7504618406"
1990-12-24,"74,288990","73,8298431858","28,0465780289"
1990-12-25,"190,376402","88,1758209574","25,9419588269"
1990-12-26,"121,884667","66,4807586753","34,4943995013"
1990-12-27,"258,532596","92,8184987350","27,0308909672"
1990-12-28,"202,752318","71,5757706099","36,9969425744"
1990-12-29,"62,556246","88,7934234601","35,3400048597"
1990-12-30,"83,694083","64,6050428400","32,0343786011"
1990-12-31,"299,833560","84,0663938145","29,7278887045"
1991-01-01,"255,068268","92,9804823376","30,1029989288"
1991-01-02,"56,554043","69,5813942222","28,6666848167"
1991-01-03,"178,730436","60,1457637029","36,3406720105"
1991-01-04,"145,343610","63,3661439902","28,1563160275"
1991-01-05,"208,499272",,"27,8386976545"
1991-01-06,"275,713614","75,8062331156","33,8176535814"
1991-01-07,"299,966579","94,1587864495","25,1508553456"
1991-01-08,"122,897271","84,5419110775","27,7072954581"
1991-01-09,"219,895466","78,8116345614","32,9378662697"
1991-01-10,"295,980063","85,9165106039","37,3596926307"
1991-01-11,"73,262444","83,7621654893","30,3942020950"
1991-01-12,"176,695706","65,9028084550","26,8986186318"
1991-01-13,"284,788903","62,4251147492","30,3344271686"
1991-01-14,"260,005899","80,0814567528","32,5471883732"
1991-01-15,"132,268879","89,5722607015","30,6388193572"
1991-01-16,"267,053275","89,1578793343","32,9339386423"
1991-01-17,"269,920840","73,6419743557","32,1079000010"
1991-01-18,"123,041235","79,5554438352","36,2452304835"
1991-01-19,"179,999504","75,0904430461","32,2569983479"
1991-01-20,"190,226973","78,5953108198","31,3604640191"
1991-01-21,"299,293309","92,9076448119","32,1410110676"
1991-01-22,"177,156802","72,6644858381","27,1464389981"
1991-01-23,"245,713430","60,0571971719","29,1126906984"
1991-01-24,"261,895451","64,4836229560","31,8265117898"
1991-01-25,"209,952556","74,7835560676","37,4688127334"
1991-01-26,"272,377938","89,4206323498","35,6289205998"
1991-01-27,"279,983048","88,4952578893","28,8639681314"
1991-01-28,"60,637656","63,7271067305","25,0874472904"
1991-01-29,"271,911313","67,1437770455","37,6007445336"
1991-01-30,"94,011410","67,0755519636","29,1610921072"
1991-01-31,"239,012476","81,9721265692","30,7921408233"
1991-02-01,"221,574020","74,3172247385","35,7969227563"
1991-02-02,"243,131768","73,6229140923","36,4822589467"
1991-02-03,"298,211140","85,2762597101","25,7826009725"
1991-02-04,"54,799964","76,4499839004","37,5322724079"
1991-02-05,"104,059230","70,5658927950","25,7084736575"
1991-02-06,"204,352136","90,0517047984","26,0678139322"
1991-02-07,"68,413253","67,9780085552","31,3704486691"
1991-02-08,"128,883475","91,1515968064",indisponivel
1991-02-09,"206,529979","90,9525038364","33,2033607343"
1991-02-10,"88,479029","91,6325525081","25,3574235307"
1991-02-11,"137,437581","73,5407685660","27,6697184473"
1991-02-12,"160,076309","83,8543046150","33,4411653717"
1991-02-13,"232,186577","86,0489719091","27,4611724992"
1991-02-14,"292,719437","94,5753651391","33,4075318744"
1991-02-15,"133,302497","83,8449110919","29,0417197059"
1991-02-16,"62,514638","81,0431224438","29,6567747907"
1991-02-17,"131,762303","64,3415728869","27,7771453291"
1991-02-18,"200,834807","70,9678060406","36,9623020712"
1991-02-19,"178,469079","75,3502316624","35,1508511999"
1991-02-20,"294,285728","89,3010565228","25,2881310887"
1991-02-21,"137,384486","61,3897229603","28,4540825637"
1991-02-22,"201,561301","74,9759654463","25,1191299618"
1991-02-23,"188,354556","78,2355052270","35,9238754225"
1991-02-24,"133,110615","69,2360949072","27,8064058454"
1991-02-25,"218,633652","68,0508338039","37,7814924947"
1991-02-26,"229,171584","87,7126670875","27,4890723353"
1991-02-27,"173,964283","86,6929277462","29,5233487380"
1991-02-28,"162,337270","65,9684690041","37,4753072979"
1991-03-01,"190,687795","91,8024619097","27,4416726488"
1991-03-02,"55,414774","61,2501166165","29,1702981266"
1991-03-03,"220,826400","78,3098641219","26,2598513819"
1991-03-04,"256,132902","77,3188002676","25,6449643977"
1991-03-05,"197,332687","88,1944001036","26,3982478002"
1991-03-06,"263,976828","86,8365968435","28,0641622200"
1991-03-07,"165,162163","74,2727892797","28,3682425535"
1991-03-08,"111,726566","81,2830945107","29,8587288421"
1991-03-09,"281,253578","93,4532446468","24,0869732210"
1991-03-10,"299,398482","83,8923400637","25,4577170556"
1991-03-11,"105,648879","92,8979096469","28,5233249120"
1991-03-12,"103,645462","65,9723403420","28,5604659156"
1991-03-13,"60,572153","82,3655526529","27,3013633638"
1991-03-14,"270,545810","60,3896657416","29,1965970703"
1991-03-15,"231,102313","71,1032016349","23,7890947400"
1991-03-16,"289,200035","70,5128583350","24,7123529265"
1991-03-17,"220,853377","81,8448801320","20,2474335315"
1991-03-18,"193,508198",indisponivel,"25,9521533164"
1991-03-19,"296,497180","86,0019055382","24,6634845694"
1991-03-20,"223,604670","63,0090898873","26,8129092497"
1991-03-21,"187,141704","94,7239482207","20,3793971129"
1991-03-22,"236,041044","83,0729344404","23,0177460481"
1991-03-23,"161,734517","90,2925644842","29,8668404115"
1991-03-24,"297,520616","77,3527426259",
1991-03-25,"117,928611","76,3554759723","21,1671066340"
1991-03-26,"59,363937","84,4937197290","28,9719555622"
1991-03-27,"268,073078","66,1309929582","29,3835667269"
1991-03-28,"193,522423","90,7350089224","27,2694781062"
1991-03-29,"127,975510","67,4617966265","23,1901303008"
1991-03-30,"229,120121","88,2291943558","28,8053258726"
1991-03-31,"191,684270","66,7429119670","22,8352959209"
1991-04-01,"70,879134","54,9025479666","25,4383532926"
1991-04-02,"10,558874",indisponivel,"22,7856980552"
1991-04-03,"17,812262","73,6761952015","21,8348807038"
1991-04-04,"55,523776","77,1231387353","24,2919291243"
1991-04-05,"96,027762","75,9127781101","29,4184315997"
1991-04-06,"39,637993","62,3730917916","29,1356624529"
1991-04-07,"62,024351","74,7277647323","23,3282405677"
1991-04-08,"78,612234","59,4480258272","21,8043818967"
1991-04-09,"59,938585","74,6577052513","22,1994159969"
1991-04-10,"30,220437","70,3489896587","23,8519655264"
1991-04-11,"86,043259","51,4723735264","20,7929432915"
1991-04-12,"89,228379","67,7074334739","22,0942733908"
1991-04-13,"65,280813","75,1812032080","29,1965039935"
1991-04-14,"66,387307","71,0168102109","21,9364600427"
1991-04-15,"76,493244","53,7632789818","29,9780852046"
1991-04-16,"69,137304","57,0892803146","27,8624871062"
1991-04-17,"42,303586","58,5754845048","24,5974749295"
1991-04-18,"91,264842","61,5230301049","22,8373930326"
1991-04-19,"93,615565","69,5519964195","29,9907676930"
1991-04-20,"92,945891","68,9904625245","25,9752281275"
1991-04-21,"10,998399","79,5626204674","22,8316050313"
1991-04-22,"72,341739","63,5989430773","26,0716831452"
1991-04-23,"66,621029","68,2361068229","29,5057180368"
1991-04-24,"70,816155","62,0410717193","25,8848214952"
1991-04-25,"39,480015","78,7935104936","20,0370507257"
1991-04-26,"11,231698","57,0058547011","23,3525694478"
1991-04-27,"88,662264","70,8131222809","29,9796212868"
1991-04-28,"52,122968","78,9614026556","25,0645732186"
1991-04-29,"56,516472","68,3574422177","24,4453395105"
1991-04-30,"14,833010","65,7742285489","22,1025577308"
1991-05-01,"86,684108","59,0602086257","27,1727410419"
1991-05-02,"39,201450","67,3938310792","20,2204190068"
1991-05-03,"50,857868","71,5364902088","26,1787227869"
1991-05-04,"79,044466","72,7845224213","23,2416570145"
1991-05-05,"56,027332","63,8164876964","25,1693010889"
1991-05-06,"94,554274","68,2741530918","29,1263968009"
1991-05-07,"25,173005","74,8336509414","26,7468011639"
1991-05-08,"98,935647","57,1193244973","29,7770784866"
1991-05-09,"67,099838","68,1983858380","23,0036262843"
1991-05-10,"97,744115","69,1389188875","29,4511643318"
1991-05-11,"66,546520","76,3035134960","22,8912930295"
1991-05-12,"26,769796","50,0153200093","24,9086072748"
1991-05-13,"18,889345","60,6902998498","28,9075950365"
1991-05-14,"43,759019","69,3512258862","24,8704350798"
1991-05-15,"11,563218","76,6054507162","29,7045176576"
1991-05-16,"64,514307","64,7735012550","29,7442354994"
1991-05-17,"30,420542","56,4502206364","24,6850270220"
1991-05-18,"92,033403","65,2861175539","25,1109865773"
1991-05-19,"86,617768","59,2943101498","29,7535402849"
1991-05-20,"14,422819","52,2582909819","23,3385531487"
1991-05-21,"71,221686","62,1263500278","27,4843906442"
1991-05-22,"80,310643","57,1319557124","22,4021425152"
1991-05-23,"78,467878","78,9891565488","29,2926273260"
1991-05-24,"68,492030","76,3599257901","28,2873474603"
1991-05-25,"79,976413","57,2690776719","28,5020838582"
1991-05-26,"79,124380","79,3557209454","23,8852353549"
1991-05-27,"19,707266","62,4208154628","24,4500766487"
1991-05-28,"35,222055","57,6374894409","20,2452227619"
1991-05-29,"14,949244","69,8224290137",
1991-05-30,"61,121857","71,2241692066","20,1426006349"
1991-05-31,"59,682037","68,3920978525","21,5036769610"
1991-06-01,"27,678406","60,7015261951","16,5233935394"
1991-06-02,"27,302471","58,9173626725","20,0863986434"
1991-06-03,"33,421252","68,7062583068","21,4137492222"
1991-06-04,"45,750140","59,9098262614","24,2368216884"
1991-06-05,"1,111061","41,0356692005","17,6256938631"
1991-06-06,"39,869859","42,6236472613","18,7945521760"
1991-06-07,"36,976399","49,0230143144","21,0004393393"
1991-06-08,"2,942989","57,0123078320","17,4485977034"
1991-06-09,"31,324289",indisponivel,"20,9162932255"
1991-06-10,"7,591380","66,4144800891","23,9959945015"
1991-06-11,"16,147035","43,7520386474","20,3378384683"
1991-06-12,"32,403181","66,7206290442","18,2890133063"
1991-06-13,"41,521169","43,3206366271","17,8678616476"
1991-06-14,"16,043323","51,7694284536","24,8161626114"
1991-06-15,"5,273812","58,0588170819","17,1439626128"
1991-06-16,"21,856207","69,1240280610","14,9728780174"
1991-06-17,"28,240550","50,9193280204","19,1605224916"
1991-06-18,"26,603227","57,0418087335","24,8022368664"
1991-06-19,"34,748551","53,5326123269","16,8678853221"
1991-06-20,"38,343972","44,1791033326","15,9312717532"
1991-06-21,"14,724482","53,8245809085","22,8533887399"
1991-06-22,"8,198848","61,9544735372","15,8089086224"
1991-06-23,"11,301402","65,9500447525","15,2536789615"
1991-06-24,"6,782526","46,2223989468","15,9023140277"
1991-06-25,"42,932864","55,8883446232","16,5425990474"
1991-06-26,"11,281026","54,9165940422","22,2717362165"
1991-06-27,"24,441381","47,2191170682","24,2712911614"
1991-06-28,"34,082148","63,1148713127","15,4826674146"
1991-06-29,"9,880012","51,1770553294","18,1295306679"
1991-06-30,"30,064397","59,0861343824","18,0410962069"
1991-07-01,"1,404845","58,3328021053","24,8523436333"
1991-07-02,"19,188863","40,1179625771","15,9080883476"
1991-07-03,"13,790382","67,6055473342","15,7278184015"
1991-07-04,"5,786124","54,4644569029","19,1544129486"
1991-07-05,"10,429589","49,0571776486","22,9561001205"
1991-07-06,"38,855208","67,4919977703","22,0041748418"
1991-07-07,"25,551591","45,3211848089","20,5414048026"
1991-07-08,"35,319876","69,2945848173","20,3554183468"
1991-07-09,"30,549074","59,0200955055","21,8365593938"
1991-07-10,"38,551769","42,4092790180","22,1552634849"
1991-07-11,"19,296708","51,2286254797","14,8269854683"
1991-07-12,"0,431445","40,8288889061","23,3399508519"
1991-07-13,"34,831336","51,2207479305","20,5499642910"
1991-07-14,"5,390315","54,8183472970","14,9482666686"
1991-07-15,"17,303843","50,6361481965","20,3494155382"
1991-07-16,"14,856918","40,9104078661","14,6604560912"
1991-07-17,"47,508893","62,2902901080","23,5439033616"
1991-07-18,"43,356236","53,5382201241","15,2158925940"
1991-07-19,"0,423208","41,9382362908","24,9464769995"
1991-07-20,"19,469853","60,6389390989","14,6570851193"
1991-07-21,"15,429910","63,5484814704","22,3826879856"
1991-07-22,"18,278799","47,3601336230","14,3253504482"
1991-07-23,"15,403782","41,8702519119","16,6841193432"
1991-07-24,"30,843954","53,1262237021","14,7386027352"
1991-07-25,"0,009322","46,8721785787","20,5227228495"
1991-07-26,"26,438544","65,1543869218","17,4367277614"
1991-07-27,"44,652973","67,0811455943","18,3387038984"
1991-07-28,"48,418660","66,7819521516","16,7955783644"
1991-07-29,"31,491778","43,1941350493","24,4051810194"
1991-07-30,"42,743507","57,8538822228","15,9414376787"
1991-07-31,"48,850900","57,9967708672","18,1244535728"
1991-08-01,"47,776820","66,3458192104","14,3128719094"
1991-08-02,"45,995269","59,6233630896","18,2922656844"
1991-08-03,"42,955490","66,7806575811","18,8597057400"
1991-08-04,"9,501364","63,2582871887","18,4511383540"
1991-08-05,"48,686116","65,9534133726","15,6345564182"
1991-08-06,"42,717387","66,9803816292","16,7099421314"
1991-08-07,"33,045382","54,4046837250","15,0077160568"
1991-08-08,"14,519701","49,7280622627","14,3682862960"
1991-08-09,"33,226184","62,0836299065","20,8277781761"
1991-08-10,"43,131800","50,7579171622","21,9011623680"
1991-08-11,"44,720688","43,7356118178","23,7256758175"
1991-08-12,"8,142896","55,6092236108","24,9315885123"
1991-08-13,"22,740102","69,4872987896","15,7838834376"
1991-08-14,"0,186053","46,9358068472","22,4839461821"
1991-08-15,"27,735194","46,9137880244","21,5946538211"
1991-08-16,"11,364408","46,3452107427","18,9205585984"
1991-08-17,"1,092067","51,8113345297","19,7091316855"
1991-08-18,"33,388349","60,9495743592","20,7895722449"
1991-08-19,"26,603128","62,4122521482","20,0081708185"
1991-08-20,"40,226049","57,0498562263","17,1527226524"
1991-08-21,"22,672059","55,9442983582","23,1461663300"
1991-08-22,"14,816964","63,0152811513","15,6073628117"
1991-08-23,"15,536692","59,2613664328","23,9288053711"
1991-08-24,"49,089681","69,1778653689","15,3505342859"
1991-08-25,"44,811693","64,6265785759","20,1760874511"
1991-08-26,"25,038731","56,7461167678","18,0091864397"
1991-08-27,"46,865177","58,0556464307","17,9375394405"
1991-08-28,"49,386047","53,1449080172","23,4996645604"
1991-08-29,"38,060400","56,8729725265","15,3839087903"
1991-08-30,"25,359344","67,9251344127","15,9953665537"
1991-08-31,"26,936664","47,5730351227","14,3053040833"
1991-09-01,"29,958713","58,2613029084","20,2203006532"
1991-09-02,"40,766805","62,7886576518","24,4172467377"
1991-09-03,"10,717613","57,5462212321","29,1783264716"
1991-09-04,"19,518277","51,4721359331","22,6514703946"
1991-09-05,"48,076479","55,9962995431","23,5460278198"
1991-09-06,"44,846640","55,1745436858","23,0739544305"
1991-09-07,"47,672968","60,8243774473","24,7759260199"
1991-09-08,"17,232612","67,9396427063","23,9858255290"
1991-09-09,"12,982162","68,7726239511","24,1524922268"
1991-09-10,"3,886676","47,8977469140","21,9346346631"
1991-09-11,"17,906832","57,0499755475","22,6498440676"
1991-09-12,"38,769880","45,5390385066","27,1321913699"
1991-09-13,"22,794737","54,1497070872","24,4053394266"
1991-09-14,"36,591354","57,5127515510","21,7041001798"
1991-09-15,"37,890144","61,8295477001","23,0047077646"
1991-09-16,"17,631141","47,9068024919","28,4902958307"
1991-09-17,"14,999498","60,8927351187","25,2911393289"
1991-09-18,"45,815559","59,0392949512","27,2378560777"
1991-09-19,"35,525572","68,4413981894","23,5407080380"
1991-09-20,"37,989581","57,7098605895","28,1334489111"
1991-09-21,"33,262933","48,0793379916","22,1147691093"
1991-09-22,"4,211880","44,4129660200","20,8757190289"
1991-09-23,"30,968265","48,1310482987","28,5125597634"
1991-09-24,"39,387020","56,2710793823","25,9825624108"
1991-09-25,"31,309716","65,1149518325","25,6673894176"
1991-09-26,"27,296824","41,3178094914","20,2134675592"
1991-09-27,"31,784260","66,4322727724","26,7463457145"
1991-09-28,"49,790515","65,1944819939","27,1313765798"
1991-09-29,"2,090373","54,4126445371","24,2359280125"
1991-09-30,"31,046345","42,0571796639","22,0049155534"
1991-10-01,"62,829846","56,1623874617","29,8814564336"
1991-10-02,"81,683780","59,3611370756","23,2387819108"
1991-10-03,"40,052067","53,1724205641","24,4551384115"
1991-10-04,"35,234832","72,5419929772","24,8002600834"
1991-10-05,"71,617173","77,0327281041","23,8762482741"
1991-10-06,"10,998411","50,1736612562","22,5716383561"
1991-10-07,"85,559355","68,7390779448","28,1058556511"
1991-10-08,"73,938118","60,6847648872","21,2732011502"
1991-10-09,"77,011269","63,6282024347","28,4170019386"
1991-10-10,"30,361555","67,8971061700","28,2831214260"
1991-10-11,"47,573539","57,8263937513","27,8257474826"
1991-10-12,"86,186426","78,1555440747","28,9111959306"
1991-10-13,"79,121880","57,4338734023","22,8562779997"
1991-10-14,"65,860276","77,4394434987","22,9151903524"
1991-10-15,"81,266813","57,7072228298","23,9059791429"
1991-10-16,"55,802919","74,6763551287","21,3398417600"
1991-10-17,"13,056115","66,6512921694","23,2679830895"
1991-10-18,"15,437461","53,4192141485","24,2192557582"
1991-10-19,"13,698820","77,2055292654","21,9537318111"
1991-10-20,"20,336521","59,9487540871","23,2185344743"
1991-10-21,"64,293832","79,2586419765","23,5755209485"
1991-10-22,"96,359583","79,9242620883","23,3439838030"
1991-10-23,"92,909071","51,2641409576","22,6649863991"
1991-10-24,"72,215362","62,8138837159","22,0877093010"
1991-10-25,"87,008866","69,3483241079","24,7459080818"
1991-10-26,"96,738037","58,6090168103",indisponivel
1991-10-27,"74,304875","79,8545835231","23,8579487937"
1991-10-28,"71,072876","51,9483132416","23,5065488855"
1991-10-29,"58,964232","64,8463031636","27,1145738812"
1991-10-30,"17,299676","76,4960603458",indisponivel
1991-10-31,,"63,7746750707","24,3245161605"
1991-11-01,"77,333192","74,8345111568","24,6835137730"
1991-11-02,"92,905397","53,9544290649","28,4573147773"
1991-11-03,"99,726889","73,8332249424","22,9796941217"
1991-11-04,"78,970974","60,2224434733","28,4142168333"
1991-11-05,"42,910958","53,0993292453","25,3965605880"
1991-11-06,"23,878044","53,9887426788","28,6661326319"
1991-11-07,"50,630854","53,5489064330","26,9037731243"
1991-11-08,"21,224118","74,9978989249","27,3673504288"
1991-11-09,"25,407359","63,3946071007","28,8415845402"
1991-11-10,"21,270444","59,5831805451","23,5750279690"
1991-11-11,"48,833792","64,1233201912","21,9774695251"
1991-11-12,"41,050002","55,6551539740","21,3486976143"
1991-11-13,"14,351469","53,8777553375","24,5848801954"
1991-11-14,"77,580243","64,2421874080","20,6927167752"
1991-11-15,"16,253281","75,3403670397","22,0597865893"
1991-11-16,"99,859201","69,3866739826","27,8936891245"
1991-11-17,"90,247026",indisponivel,"28,0043419723"
1991-11-18,"37,118376","62,7797619278","28,3993263688"
1991-11-19,"68,388897","52,3456623083","27,1788232330"
1991-11-20,"15,475856","54,4452116352","26,6294165844"
1991-11-21,"63,668482","54,7880995437","26,7760646234"
1991-11-22,"71,572595","50,5946036399","21,6751089616"
1991-11-23,"71,704661","70,2433807452","25,9895748579"
1991-11-24,"36,067167","55,8178008130","25,3951430116"
1991-11-25,"89,725602","66,1508892295","26,9614774858"
1991-11-26,"10,140739","61,1777856180","21,9225151345"
1991-11-27,"37,678629","69,1520205539","20,0178267489"
1991-11-28,"14,715727","73,7292950208","20,0545151355"
1991-11-29,"72,994483","68,6796173757","22,5036203234"
1991-11-30,"39,651775","79,0593722007","26,4946791709"
1991-12-01,"142,984416","74,6252870488","37,8798822352"
1991-12-02,"226,567174","67,0292936098","27,1340755152"
1991-12-03,"151,821968","63,9698160351","28,8469780201"
1991-12-04,"275,758248","73,7826637370","25,7919571619"
1991-12-05,"73,756107","85,4455411341","27,1821616675"
1991-12-06,"230,865969","90,3366664066","26,5226106374"
1991-12-07,"146,116216","86,2211878197","27,4732304522"
1991-12-08,"266,273924","76,6700532513","33,2308772574"
1991-12-09,"123,104621","63,6636237359","30,1236606417"
1991-12-10,"199,213373","83,2642152713","33,4115865195"
1991-12-11,"258,180883","82,1404182685","31,8302513443"
1991-12-12,"147,581973","64,2704889699","28,5335302948"
1991-12-13,"168,446466","90,2566570145","26,0565987220"
1991-12-14,"232,647585","62,5175680327","29,3516569877"
1991-12-15,"210,450458","82,9250926246","26,1256418471"
1991-12-16,indisponivel,"64,5841618994","37,1958877512"
1991-12-17,"173,323287","93,3429156670","31,9935479676"
1991-12-18,"131,570603","66,0866275113","27,9540878971"
1991-12-19,"53,045428","60,3426772612","26,9729471034"
1991-12-20,"228,744853","93,1129936435","25,6360789784"
1991-12-21,"69,012726","64,9635121260","27,0725890702"
1991-12-22,"279,561662","71,5749240600","28,3334293083"
1991-12-23,"227,278172","88,0505700233","36,7348203479"
1991-12-24,indisponivel,"73,3415874495","31,7731184555"
1991-12-25,"203,562744","90,2180508912","25,1649417284"
1991-12-26,"291,811607","70,4896804074","31,8444889178"
1991-12-27,"169,465125","88,1101784578","26,5064533320"
1991-12-28,"86,738319","86,2130847350","33,6642074657"
1991-12-29,"94,268887","64,9447100944","25,1376491744"
1991-12-30,"103,571653","90,9776946006","36,9424230449"
1991-12-31,"157,381938","69,5751594701","32,5666648482"
1992-01-01,"100,133247","80,0113571952","26,5718872349"
1992-01-02,"209,512213","73,6622729272","27,0169178994"
1992-01-03,"83,962853","79,1609886920","35,4447113536"
1992-01-04,"82,102321","92,9815672701","25,8255942185"
1992-01-05,"262,270866","82,0248795628","32,9825122354"
1992-01-06,"155,874528","62,1374779539","36,9047434953"
1992-01-07,"127,814121","72,4445658628","34,8008009614"
1992-01-08,"165,027180","67,0050702818","32,7980067680"
1992-01-09,"92,006167","89,8920407348","33,6991542485"
1992-01-10,"66,545109","65,1987426501","32,1300935147"
1992-01-11,"298,397946","92,1769691807","36,8244381312"
1992-01-12,"154,881441","87,8512315730","35,9043999523"
1992-01-13,"166,567814","76,2267452817","33,9796542453"
1992-01-14,"194,251447","76,4310444745","37,6565996831"
1992-01-15,"66,955574","69,9745239895","31,3229024558"
1992-01-16,"233,289064","82,0004708525","27,2510735124"
1992-01-17,"84,934931","68,7651942648","32,7629858730"
1992-01-18,"111,125158","83,5431862155","29,0898505962"
1992-01-19,"72,403792","74,0515018653","33,0989926206"
1992-01-20,"93,210823","85,6401431756","31,1555344493"
1992-01-21,"279,406818","82,3454336856","30,2390422518"
1992-01-22,"135,129636","94,6066559017","27,5187877502"
1992-01-23,"117,486035","82,2485378179","30,8670962316"
1992-01-24,"130,120891","69,7980471591","25,6987628041"
1992-01-25,"108,699762","88,2650667613","34,7481844121"
1992-01-26,"279,431483","79,0068403144","35,6249387853"
1992-01-27,"288,189812","81,2970932074","33,4403225014"
1992-01-28,"174,891195","76,5581447451","26,8643946963"
1992-01-29,"98,491438","64,3083444743","30,1726649129"
1992-01-30,"58,771934","88,9640914692","25,5894611289"
1992-01-31,"294,739424","64,9606746912","30,9967196103"
1992-02-01,"99,123533","75,4889596294","29,7931814966"
1992-02-02,"285,273683","88,9899885230","28,9883102954"
1992-02-03,"215,400326","91,1806324212","33,3103047950"
1992-02-04,"181,203889","60,3837593805","28,3173981699"
1992-02-05,"296,339704","94,6125571023","34,3171357037"
1992-02-06,"98,760216","80,3391087745","34,8319702104"
1992-02-07,"125,355209","60,1480193826","30,0050223050"
1992-02-08,"82,126826","71,9630500292","27,4299332814"
1992-02-09,"265,280548","72,9911126660","37,9720085877"
1992-02-10,"175,764786","94,2303317259","37,0419229272"
1992-02-11,"290,691170","67,9298995444","26,9061688153"
1992-02-12,"78,958841","68,4308617681","32,8097226001"
1992-02-13,"139,235516","88,1399636282","26,9747217446"
1992-02-14,"86,911372","78,6552245041","32,4934623081"
1992-02-15,"296,973317","60,9643564010","36,8947724786"
1992-02-16,"271,783437","64,0961311418","25,6606531984"
1992-02-17,"196,646214","89,7495083815","28,5272547643"
1992-02-18,"153,349223","61,1808453977","32,7950706338"
1992-02-19,"158,596784","84,4166597596","31,4284077173"
1992-02-20,"273,869763","71,7080111981","29,3907860323"
1992-02-21,"204,182122","75,1962347081","35,3970519251"
1992-02-22,"213,871098","71,5424024258","36,4932874162"
1992-02-23,"74,874633","60,8773875180","30,6730219970"
1992-02-24,"199,871655","71,1921309254","35,1196473560"
1992-02-25,"219,366770","77,4045652899","30,9863137185"
1992-02-26,"224,002705","90,3727715893","33,5380244553"
1992-02-27,"50,510526","74,4082259028","28,1480682249"
1992-02-28,"226,103760","80,4419668685","31,2416292056"
1992-02-29,"279,316687","68,9760996171","32,5330741799"
1992-03-01,"74,843979","75,7406352963","28,9768158881"
1992-03-02,"101,318598","81,6496285552","29,7795979686"
1992-03-03,"263,324898","85,3735097005","29,0600337260"
1992-03-04,"147,636293","76,0744300429","29,4564208114"
1992-03-05,"252,456516","66,6741762684","20,7555614344"
1992-03-06,"245,642716","89,2403164842","23,0482544115"
1992-03-07,"171,695339","65,3823510057","28,5778278646"
1992-03-08,"224,713410","83,9057541696","29,5000142225"
1992-03-09,"260,394992","85,2577983084","25,4132386055"
1992-03-10,"123,746487","94,3864626825","22,4643112221"
1992-03-11,"89,101103","60,2018671479","28,7422350314"
1992-03-12,"144,771982","86,9473185714","29,6251939345"
1992-03-13,"226,011257","89,4175731749","25,4039289090"
1992-03-14,"64,138442","66,1881472286","28,4849900538"
1992-03-15,"192,232895","80,4184279629","20,8800378709"
1992-03-16,"199,492848","61,9362651249","21,4770051909"
1992-03-17,"232,860436","78,5758025394","28,0609865132"
1992-03-18,"227,499984","74,4775486316","29,0766746956"
1992-03-19,"122,195395","83,5114057531","20,5436918514"
1992-03-20,"61,659186","88,2016205117","26,3818278170"
1992-03-21,"272,478437","92,6755217792","29,9111217408"
1992-03-22,"270,024272","71,6675633657","22,9784957434"
1992-03-23,"194,208931","85,1885171646","26,5227369577"
1992-03-24,"141,269683","60,5202292250","20,5981392287"
1992-03-25,"177,310885","65,2287104101","26,9317336132"
1992-03-26,"204,900048","72,9798272627","20,8134715653"
1992-03-27,"284,355732","94,8980494986","20,1229731938"
1992-03-28,"97,555086","76,4884108777","24,8727117070"
1992-03-29,"255,898655","85,2766522144","29,1153507790"
1992-03-30,"153,883915","88,1812626356","26,5651425289"
1992-03-31,"221,963012","60,1372312559","28,8041903415"
1992-04-01,"15,312201","64,9129093623","25,4955604039"
1992-04-02,"18,487156","53,0406932707","29,2838836722"
1992-04-03,"97,827972","59,8443500129","24,9154024262"
1992-04-04,indisponivel,"63,2590268622","20,3729678634"
1992-04-05,"20,090388","71,9595124139","26,1039530806"
1992-04-06,"93,310581","50,0733180581","28,0461846822"
1992-04-07,"97,741213","69,2053348943","23,4114783276"
1992-04-08,"41,943381","69,8591187277","24,1360878582"
1992-04-09,"35,034755","75,4414919773","20,4140300822"
1992-04-10,,"69,0107181195","27,9083960185"
1992-04-11,"45,790572","65,4238257199","29,3577783199"
1992-04-12,"78,002008","79,8994970390","20,2167138501"
1992-04-13,"15,193976","65,6193522289","20,4236720838"
1992-04-14,"17,828267","61,7154877532","22,3412445113"
1992-04-15,"61,063740","71,8687546160","28,2493052117"
1992-04-16,"79,417720","73,5343857585","26,2187750154"
1992-04-17,"36,586305","61,3439145196","23,6699035172"
1992-04-18,"26,058341","54,7153142802","20,8035291649"
1992-04-19,"58,996708","57,8655375788","26,4580962764"
1992-04-20,"98,302286","65,7158938859","26,3421221269"
1992-04-21,"84,168621","78,9906050362","24,4538169410"
1992-04-22,"60,646629","73,7794691997","24,5622652808"
1992-04-23,"99,018886","72,3243419187","23,3093499867"
1992-04-24,"37,762391","63,9525725895","20,8013101666"
1992-04-25,"60,257727","50,9191009261","25,5702881137"
1992-04-26,"82,620030","79,5231101008","27,4937177006"
1992-04-27,"69,013561","59,8306456516","26,8079041411"
1992-04-28,"77,537321","73,8146737169","25,6184727141"
1992-04-29,"87,305808","62,9014322289","26,6730286046"
1992-04-30,"23,617139","78,8549897994","27,6435560612"
1992-05-01,"81,519137","75,0396591354","28,5635523492"
1992-05-02,"17,421289","59,7631159448","23,9042032551"
1992-05-03,"65,935299","77,4623609817","27,2747246601"
1992-05-04,"64,533904","73,4604324301","27,6104805059"
1992-05-05,"69,142742","67,6836885097","23,1617192492"
1992-05-06,"29,098813","72,9728627458","24,5908497338"
1992-05-07,"32,967590","66,4619244216","23,8502475210"
1992-05-08,"98,557164","77,5513298322",indisponivel
1992-05-09,"98,434431","60,6651782773","28,9188912241"
1992-05-10,"13,130649","61,5010901655","28,1905787263"
1992-05-11,"23,359085","65,5769252806","20,0945235463"
1992-05-12,"26,219619","68,4151739722","25,2841820896"
1992-05-13,"23,599597","64,0972824303","28,6537138500"
1992-05-14,"33,790819","77,7132065699","28,3904128966"
1992-05-15,"32,266559","54,6551819555","25,8500261687"
1992-05-16,"33,453131","74,6852726162","28,4569578018"
1992-05-17,"38,603895","65,8645624033","26,0705145757"
1992-05-18,"40,736639","62,5641468896","29,7930120908"
1992-05-19,"18,963163","68,8718833463","21,7188840589"
1992-05-20,"60,112989","62,3923331891","23,7083352094"
1992-05-21,"97,610975","67,0736627099","28,9933415895"
1992-05-22,"93,893191","64,6391793751",indisponivel
1992-05-23,"26,704003","65,4091441341","29,4151861857"
1992-05-24,"87,785996","78,1654151622","29,1510131814"
1992-05-25,"10,847348","55,9741764391","21,3943300933"
1992-05-26,"25,659680","76,6562799277","28,0131879282"
1992-05-27,"29,402793","69,6876146842","26,7629534776"
1992-05-28,"49,528607","71,6763705503","23,5169529169"
1992-05-29,"32,749197","73,3431287295","25,2541203176"
1992-05-30,"71,318136","57,6880646923","28,1376806211"
1992-05-31,"48,303109","63,0815923823","21,2464712288"
1992-06-01,"6,894752","69,8854996976","23,4335655185"
1992-06-02,"3,740893","41,2883685679","19,6805179756"
1992-06-03,"48,063400","42,6762949031","18,6558060088"
1992-06-04,"34,799621","57,3066376839","24,9969064800"
1992-06-05,"7,728707","47,8467676571","20,8496844892"
1992-06-06,"34,708492","67,3404549167","17,0051936092"
1992-06-07,"1,400696","52,6903422498","22,2095450394"
1992-06-08,"46,118756","64,1817772100","19,0065248936"
1992-06-09,"0,561580","67,2462273228","17,1441363148"
1992-06-10,"43,215322","62,5458342733","24,6794242103"
1992-06-11,"9,598330","52,6704660580","23,1045084876"
1992-06-12,"37,384637","49,4405372722","16,8802699048"
1992-06-13,,"53,2378915391","17,8063092575"
1992-06-14,"23,264685","63,0308458881","16,1370323107"
1992-06-15,"21,673023","64,7440254083","14,7494006654"
1992-06-16,"21,806550","47,2855150880","24,9537597346"
1992-06-17,"32,454852","68,5985139100","15,8573585612"
1992-06-18,"22,211219","58,3467154762","17,9827037297"
1992-06-19,"27,232186","54,8791136089","16,3918205318"
1992-06-20,"6,491813","55,5960738858","18,8726687004"
1992-06-21,"35,676327","47,3776434938","15,9346922144"
1992-06-22,"9,287261","40,2658760268","23,6244090377"
1992-06-23,"13,115119","51,8832717045","15,7850008054"
1992-06-24,"2,746954","56,6415933963","24,9995931200"
1992-06-25,"30,129057","49,4754991776","20,6948380854"
1992-06-26,"23,439377","66,9922301250","21,7674407040"
1992-06-27,"16,574407","66,2653680641","22,6414991874"
1992-06-28,"49,192162","44,9180575828","14,5750609755"
1992-06-29,"31,201068","69,3892337476","15,0400011711"
1992-06-30,"36,944105","60,7080350439","19,1031498477"
1992-07-01,"39,441570","60,4259436114","19,7224021457"
1992-07-02,"39,895487","54,9386653543","24,3696017255"
1992-07-03,"22,561123","50,8292931193","16,4579048341"
1992-07-04,"20,948214","53,7493415513","16,5307761639"
1992-07-05,"24,313277","52,1919426969","21,5380264551"
1992-07-06,"34,962139","55,7771197896","17,2744239099"
1992-07-07,"18,688724","67,2192055015","24,3896217414"
1992-07-08,"8,259400","60,3081945392","19,7468365075"
1992-07-09,"28,912953","65,7612970151","14,5204941472"
1992-07-10,"41,243999","63,0759118317","19,1753119988"
1992-07-11,"9,094619","55,3373686078","15,2154376009"
1992-07-12,"16,445632","50,4354512697","15,8438086044"
1992-07-13,"34,833346","43,7120830411","19,6671615447"
1992-07-14,"41,592297","41,8979361523","20,3221230750"
1992-07-15,"4,677000","41,2832893492","22,2345642662"
1992-07-16,"36,734086",indisponivel,"22,4216287340"
1992-07-17,"11,415266","61,1387658857","23,1352807588"
1992-07-18,"14,312608","52,6564543581","21,2097012157"
1992-07-19,"25,369381","46,6376527998","18,5482095717"
1992-07-20,"44,730202","69,5321668296","22,9190081084"
1992-07-21,"43,758243","67,9283860493","14,1367054050"
1992-07-22,"25,748593","50,9555471016","21,2996080564"
1992-07-23,"28,551430","68,9245028616","22,7687978527"
1992-07-24,"15,330545","66,4785367764","22,8955312310"
1992-07-25,"49,898227","68,2423118663","14,5224648219"
1992-07-26,"12,946971","56,4807610003","14,1032023309"
1992-07-27,"45,421335","55,6868339596","15,5258586353"
1992-07-28,"40,153174","65,0085945067","14,9847382445"
1992-07-29,"26,862402","47,0175773594","20,5152168854"
1992-07-30,"29,730792","43,1086851081","20,8367203720"
1992-07-31,"30,572978","62,4026740423","16,2272127684"
1992-08-01,"36,879068","41,7001056219","15,1225637814"
1992-08-02,"33,742462","46,8292522838","22,0884442369"
1992-08-03,"12,796077","59,1175021576","22,2937891820"
1992-08-04,"7,846919","58,2232729909","20,8701634627"
1992-08-05,"38,355537","47,1599831938","19,4393072973"
1992-08-06,"27,719185","51,9364571593","23,4658086638"
1992-08-07,"0,835847","65,8020641457","19,0509676374"
1992-08-08,"9,111222","41,0274855290","21,2358612214"
1992-08-09,"3,361074","63,6602329609","20,4854067797"
1992-08-10,,"57,3468691867","21,1843250792"
1992-08-11,"21,158846","46,3428063761","24,7229445737"
1992-08-12,"20,327224","58,4682947874","19,0522138204"
1992-08-13,"23,937778","42,7263890008","20,7323305051"
1992-08-14,"32,923983","41,3295631650","15,5082690138"
1992-08-15,"19,297602","57,4126585391","19,2132336368"
1992-08-16,"27,924760","40,3213709819","22,3204720448"
1992-08-17,"48,331211","61,2641338325","15,1735901958"
1992-08-18,"15,048345","59,0970674772","18,3855741670"
1992-08-19,"37,082741","69,8440280466","22,6351239106"
1992-08-20,"35,586232","57,2504584233","20,7006604286"
1992-08-21,"30,118056","66,8975018313","21,5820941537"
1992-08-22,"37,203656","45,1228921007","19,2960830534"
1992-08-23,"14,107380","61,3389218051","18,6175420609"
1992-08-24,"43,743566","65,2530876385","17,9487167693"
1992-08-25,"19,741004","66,1228100880","19,1030201434"
1992-08-26,"15,308875","63,1772402942","15,2751801250"
1992-08-27,"22,002597","52,7441060586","21,5862936176"
1992-08-28,"18,145662","61,3339353631","17,2987264219"
1992-08-29,"0,686488","45,6953110471","21,6845602394"
1992-08-30,"16,679911","54,9080412466","20,0572166550"
1992-08-31,"31,129627","42,1208991870","21,0776769376"
1992-09-01,"13,488470","55,3329080881","28,3961482067"
1992-09-02,"10,871745","43,7783235650","28,5220015213"
1992-09-03,"27,510335","69,2112730863","29,2013967255"
1992-09-04,"21,230994","56,7629517494","25,7402659246"
1992-09-05,"41,110706","56,8914203951","26,4866576129"
1992-09-06,"23,439122","61,2189540285","28,2561702830"
1992-09-07,"28,242374","55,2981038974","29,5812027678"
1992-09-08,"36,553883","50,8496237811","25,3131622951"
1992-09-09,"9,044159","43,8645243954","25,2509907877"
1992-09-10,"19,536793","40,1665304422","20,1482156686"
1992-09-11,"48,147254","56,7799849719","29,0970065480"
1992-09-12,"45,768026","49,5450829358","28,2131425266"
1992-09-13,"11,128505","63,0205238372","27,9270274920"
1992-09-14,"33,893215","41,1796477827","23,8090072788"
1992-09-15,"37,716987","55,3606668738",
1992-09-16,"13,663459","66,2664527624","29,0159770530"
1992-09-17,"29,896268","59,0365602814","27,9212220523"
1992-09-18,"33,574951","58,9189994236","26,0241548043"
1992-09-19,"29,158074","66,8507002271","29,6758336342"
1992-09-20,"28,097460","62,9494777283","26,8247460545"
1992-09-21,"40,163025","60,6264846453","24,7479879067"
1992-09-22,"49,485371","44,1371490067","20,7625141836"
1992-09-23,indisponivel,"45,1897761546","22,7515721890"
1992-09-24,"20,066363","61,5169481463","23,5462652682"
1992-09-25,"45,712425","61,1273501622","28,2616843446"
1992-09-26,"23,858448","43,5264342019","26,9335899602"
1992-09-27,"33,518021","60,7232295102","25,4336034097"
1992-09-28,"11,020746","62,0207242925","23,8607693093"
1992-09-29,"27,004410","69,5434281572","26,3484818658"
1992-09-30,"27,752690","60,7053589332","26,4571375628"
1992-10-01,"26,947679","57,1014397324","25,4979564814"
1992-10-02,"95,491857","59,5586744781","29,9748622813"
1992-10-03,"90,105450","70,6575747908","24,6321980918"
1992-10-04,"24,090950","61,4076989587","23,6987726761"
1992-10-05,"19,292785","62,3297052885","25,2672856040"
1992-10-06,"45,567867","74,5219477521","20,8671212479"
1992-10-07,"10,271474","50,9971037884","20,3222081094"
1992-10-08,"48,094484","59,3272436166","25,5445898722"
1992-10-09,"43,468693","55,1689092391","24,3862455263"
1992-10-10,"82,352835","63,6196231266","28,1921255102"
1992-10-11,"65,799698","57,7085551619","20,0754225527"
1992-10-12,"80,517464","78,7719451841","27,6316615897"
1992-10-13,"15,720628","64,5038181969","26,6373917657"
1992-10-14,,"71,0549119319","23,6304367413"
1992-10-15,"47,833948","75,3854896279","29,8870577171"
1992-10-16,"28,707358","53,4035005063","22,2387160061"
1992-10-17,"87,750911","74,2251422095","20,4247536685"
1992-10-18,"43,853115","58,7470755942","27,2898327320"
1992-10-19,"62,104148","54,2484689713","25,6477469718"
1992-10-20,"26,354183","71,6665963370","27,1767200950"
1992-10-21,"14,680915","70,8866016217","24,6361176522"
1992-10-22,"85,003285","55,2552126106","22,5855097509"
1992-10-23,"71,988078","75,5874950416","29,9688696051"
1992-10-24,"22,733955","67,1533559931","21,8264129326"
1992-10-25,"22,005765","74,9137618377","29,6024360516"
1992-10-26,"82,136959","67,9003850171","20,9419802450"
1992-10-27,"81,386265","74,8909260412","24,8333679495"
1992-10-28,"29,277212","67,0763218733","20,9733701773"
1992-10-29,"64,220309","70,8045236878","21,1762589154"
1992-10-30,"35,841939","78,5256451198","29,9802513192"
1992-10-31,"47,592901","66,7153790826","27,7196655556"
1992-11-01,"42,106161","64,7647478375","23,1480743441"
1992-11-02,"44,698580","70,0707728307","23,8997947394"
1992-11-03,"47,193123","71,6547982605","23,9220758511"
1992-11-04,"57,903309","77,1131600525","28,3091291031"
1992-11-05,"83,167777","77,8812165401","29,2416025929"
1992-11-06,"38,197759","67,7247816303","24,9748844434"
1992-11-07,"69,982699","54,0990733834","21,2698692192"
1992-11-08,"78,535386","57,7586888033","20,5132220697"
1992-11-09,"64,086058","64,2062195008","28,1887468430"
1992-11-10,"18,291823","65,2632731716","24,8110578659"
1992-11-11,"64,172681","63,5242768712","24,5868096952"
1992-11-12,"76,076726","72,0582493700","26,5472139384"
1992-11-13,"69,436856","65,3184027468","23,2979526531"
1992-11-14,"72,060587","51,2925363023","21,8272172104"
1992-11-15,"96,902947","57,3240541170","24,5153810499"
1992-11-16,"17,901287","52,0819000042","24,1913947352"
1992-11-17,"51,655153","65,0170827462","20,0719972432"
1992-11-18,"75,359822","53,7616735660","29,0359392026"
1992-11-19,"40,321764","61,1728573379","26,1519838815"
1992-11-20,"21,756645","73,2156356525","22,6752885143"
1992-11-21,"59,999343","62,2278183360","26,4233881795"
1992-11-22,"97,314383","65,7539623553","29,0052355889"
1992-11-23,"32,157002","59,5407274266","29,4444140479"
1992-11-24,"30,125922","64,2603544782","26,4344182729"
1992-11-25,"89,555185","68,3772451224","23,6856702781"
1992-11-26,"14,471368","55,6772425521","23,1637459410"
1992-11-27,"98,066557","58,2449044022","28,5387792518"
1992-11-28,"59,571091","56,7802262446","28,6509302871"
1992-11-29,"90,266160","58,5834854238","23,7294634568"
1992-11-30,"68,518950","76,5863630439","29,2549956691"
1992-12-01,"256,412564","85,0515100282","32,3287220441"
1992-12-02,"226,403192","65,9454981771","27,7448111688"
1992-12-03,"51,812581","66,5723154631","35,3007208298"
1992-12-04,"59,096250","70,6396364090","32,0228684418"
1992-12-05,"62,463719","79,4773724132","34,3350659344"
1992-12-06,"237,076258","61,0401997182","31,8573615696"
1992-12-07,"275,714641","69,0905506654","37,3306500477"
1992-12-08,"224,841962","81,8420903478","25,7557745665"
1992-12-09,"184,782208","66,4641109743","36,8764416041"
1992-12-10,"178,974762","70,7463483847","33,4065820367"
1992-12-11,"77,562888","75,4691535585","35,1964430684"
1992-12-12,"108,446537",indisponivel,"25,1699410508"
1992-12-13,"116,466831","88,6683038310","27,2206544016"
1992-12-14,"230,877099","60,3137312844","36,6777121651"
1992-12-15,"93,957046","62,8376114057","30,3233207510"
1992-12-16,"144,459066","67,0760240515","33,8657892060"
1992-12-17,"52,485391","75,1319799418","29,9441702297"
1992-12-18,"103,393549","88,6028679883","33,0253666311"
1992-12-19,"298,644604","73,7293056054","30,7388353979"
1992-12-20,"280,082753","66,8545365883","35,4490124732"
1992-12-21,"101,317117","73,1166665316","25,5006060422"
1992-12-22,"182,722278","69,1557745172","26,8514322671"
1992-12-23,"270,607745","63,7169981516","25,5995938107"
1992-12-24,"210,376352","77,7948494148","31,3792206453"
1992-12-25,"144,855311","77,6807985963","36,0714028298"
1992-12-26,"97,421405","76,9879614093","29,7238557286"
1992-12-27,"216,649909","73,2485686343","29,5879640485"
1992-12-28,"222,975324","76,8771749154","28,1034241957"
1992-12-29,"88,438634","65,8655561398","30,5125370577"
1992-12-30,"265,917255","77,3362950740","34,4824047607"
1992-12-31,"74,521161","81,1569869514","28,8068975675"
1993-01-01,"234,125071","90,7225786644","30,0193784321"
1993-01-02,"197,368511","77,9710378881","37,2657246255"
1993-01-03,"123,433925","90,8961603336","29,2656132040"
1993-01-04,"106,833584","91,7960399498","31,7607846807"
1993-01-05,"52,521098","79,0381915055","30,3270216575"
1993-01-06,"138,069034","69,4204164913","32,9957223213"
1993-01-07,"181,972584","88,4250801526","30,9360731556"
1993-01-08,"293,244932","63,9476740927","26,8505282556"
1993-01-09,"297,413511","84,9419289821","34,5459351022"
1993-01-10,"261,066025","82,9994719962","37,2090735404"
1993-01-11,"234,773023","68,6365781174","29,7407841305"
1993-01-12,"180,388438",,"27,1950880517"
1993-01-13,"161,399965","82,6136154109","31,2340281776"
1993-01-14,"115,737547","72,9520658507","31,0997317897"
1993-01-15,"98,026476","73,2740298883","29,7340732159"
1993-01-16,"235,662751","81,7436612151","25,9824996310"
1993-01-17,"217,558591","87,9676277242","36,9302569322"
1993-01-18,"170,407600","64,4899380544","33,8614103900"
1993-01-19,"102,601322","91,6392356508","27,4798265885"
1993-01-20,"80,723822","63,0387003533","36,2305440399"
1993-01-21,"138,100834","63,9144406517","34,8436449402"
1993-01-22,"248,039700","75,7005331299","35,2595802672"
1993-01-23,"151,038616","90,0480813163","31,1769481533"
1993-01-24,"190,744170","75,8994275710","31,8048350808"
1993-01-25,"287,681401","87,2009915954","37,2912947701"
1993-01-26,"150,277093","65,6077861500","28,4878624259"
1993-01-27,"274,486723","80,8612740277","28,1575514629"
1993-01-28,"189,927514","88,9822760927","29,6330173611"
1993-01-29,"65,488531","94,8188223209","29,4220640121"
1993-01-30,"233,638167","83,1125514924","32,9890141566"
1993-01-31,indisponivel,"67,3836484818","32,8098645274"
1993-02-01,"183,965897","80,4084449177","27,4403227268"
1993-02-02,"278,448616","80,0550910619","27,3661583617"
1993-02-03,"275,771044","66,2319172057","30,2141155194"
1993-02-04,"223,209153","69,4259476444","26,8782733339"
1993-02-05,"100,567167","72,7923774014","25,2943617496"
1993-02-06,"77,322113","84,9115692097","26,2651994884"
1993-02-07,"130,107093","71,7517488657","26,2649557250"
1993-02-08,"231,780684","90,8342979815","34,0924699166"
1993-02-09,"139,323447","85,9890391062","34,2849131764"
1993-02-10,"81,610547","71,6783185616","36,2018498098"
1993-02-11,"165,032839","86,0194847475","35,0453627653"
1993-02-12,"100,671042","61,7588475396","28,8320256494"
1993-02-13,"140,844479","83,4566185617","32,7033746322"
1993-02-14,"99,464332","62,3730290738","32,0139054835"
1993-02-15,"156,591272","94,5090109632","35,4918951963"
1993-02-16,"284,533055","87,2315012172","34,3804834723"
1993-02-17,"201,424254","94,4838848132","31,2586668833"
1993-02-18,"121,072820","87,3268143318","25,9224243412"
1993-02-19,"76,500365","64,2174385901","27,0342273459"
1993-02-20,"253,266078","91,4067350779","32,2279900874"
1993-02-21,"139,561369","71,3599714230","35,0256172218"
1993-02-22,"116,034170","87,8640876774","36,6676430302"
1993-02-23,"89,156753","79,5960592775","32,5421740546"
1993-02-24,"228,800220","91,1961861953","36,4024505283"
1993-02-25,"67,135206","80,9962636060","25,3713127177"
1993-02-26,"60,703869","89,1011299663","30,6143569937"
1993-02-27,"216,835514","69,1849222477","29,0615580113"
1993-02-28,"98,422541","72,1925038091","37,5483516977"
1993-03-01,"263,243551","93,0745966956","24,4408405162"
1993-03-02,"50,785381","93,6605189974","21,7898200781"
1993-03-03,"276,913133","77,3449976389","29,3966615251"
1993-03-04,"57,001746","92,3954786297","20,8920464413"
1993-03-05,"237,834488","72,4991990396","27,9737918438"
1993-03-06,"229,552029","67,1078287259","22,4349717518"
1993-03-07,"238,918017","79,1962553578","28,3160167678"
1993-03-08,"198,232838","83,8283814822","26,7463925646"
1993-03-09,"67,507838","89,3512563069","21,2277670256"
1993-03-10,"74,618764","66,9743142535","25,9899445005"
1993-03-11,"249,357196","62,3914122204","21,8197668990"
1993-03-12,"248,360192","65,5632426579","21,1072611623"
1993-03-13,"54,287809","61,6083093087","29,9079867552"
1993-03-14,"88,332020","83,4714618432","27,5480450007"
1993-03-15,"234,995871","84,3112319313","25,1157358536"
1993-03-16,"101,027390","86,1878477469","20,1360603792"
1993-03-17,"100,709010",indisponivel,"20,6039313263"
1993-03-18,"239,441418","75,7466763423","28,6629851929"
1993-03-19,"247,942591","60,4017404628","24,1857767580"
1993-03-20,"245,750582","83,9862772238","28,2176760289"
1993-03-21,"141,935694","74,5972948678","20,2790100875"
1993-03-22,"293,172555","94,7544177164","21,6664687013"
1993-03-23,"122,343831","80,2988898754","22,4479401291"
1993-03-24,"274,089275","86,6758581187","25,8112856372"
1993-03-25,"129,283999","72,7917128113","21,9487798006"
1993-03-26,"83,839536","86,4166067143",indisponivel
1993-03-27,"205,639594","75,2549327343","26,3313385249"
1993-03-28,"170,550120","81,8494450559","25,6481641371"
1993-03-29,"215,491876","61,3834361312","22,3850526459"
1993-03-30,"204,339142","70,0217407410","27,3868934626"
1993-03-31,"116,007335","66,7733718645","29,9939844123"
1993-04-01,"70,531531","77,5153101137","24,0445905999"
1993-04-02,"53,159089","67,5946403541","22,6478214529"
1993-04-03,"15,742390","63,7395484507","27,9967824097"
1993-04-04,"86,486904","61,5228015025","20,3542408115"
1993-04-05,"70,348660","60,4146737556","29,1279523799"
1993-04-06,"63,987338","68,3106950193","28,9717823726"
1993-04-07,"20,473062","75,4111144361","28,0782380531"
1993-04-08,"10,607724","58,7190175412","28,8401022093"
1993-04-09,"29,914196","74,0101093469","26,7554021114"
1993-04-10,"54,641452","55,9325766671","21,9434542052"
1993-04-11,"78,699490","57,4235499853","23,8156684363"
1993-04-12,"13,911830","63,7360905931","22,1157715555"
1993-04-13,"82,970131","56,4612579198","24,6159442859"
1993-04-14,"73,059925","59,7534048780","28,9510278790"
1993-04-15,"94,611512","53,2484273816","21,6873399159"
1993-04-16,"59,101470","60,7152272831","23,2815597176"
1993-04-17,"15,409867","72,0329962145","27,7890664241"
1993-04-18,"20,367462","60,4221772222","29,6199162404"
1993-04-19,"58,802249","61,2326067845","23,7353462315"
1993-04-20,"33,308375","74,5352996636","24,0692010987"
1993-04-21,"11,887189","75,9981958868","23,3218361850"
1993-04-22,"10,980440","75,0116526870","23,7805536628"
1993-04-23,"55,353146","76,5107715209","23,9116234173"
1993-04-24,"66,460406","58,5227921000","20,8733414675"
1993-04-25,"56,386909","74,2511289398","27,2268075271"
1993-04-26,"56,944105","73,8240763893","26,1136654751"
1993-04-27,"78,336405","56,2805275373","22,2115136773"
1993-04-28,"30,935602","74,0761659007","24,8029626383"
1993-04-29,"28,105620","57,1391647195","21,7690561973"
1993-04-30,"12,974358","61,9227762019","28,3252050732"
1993-05-01,"94,892905","71,9067484301","29,9006648582"
1993-05-02,"68,045271","64,3231359162","22,9313296330"
1993-05-03,"51,063864","60,1978053725","22,4401908326"
1993-05-04,"28,798481","72,5108636705","21,0597308637"
1993-05-05,"43,891434","78,9758481917","24,1779422728"
1993-05-06,"30,702886","69,4590439437","26,9398878562"
1993-05-07,"78,487090","71,8327697138","21,3392531372"
1993-05-08,"20,306769","60,2965055741","20,5596348747"
1993-05-09,"66,527174","78,9196159905","23,6010667757"
1993-05-10,"30,913495","66,6798949451","27,8998544661"
1993-05-11,"28,855745","76,4380802827","26,4000570832"
1993-05-12,"92,471388","78,8229691726","21,5932775623"
1993-05-13,"94,241472","77,4527208667","28,8537385831"
1993-05-14,"23,592899","58,3252212841","27,3897549430"
1993-05-15,"26,061839","57,3285757552","24,8376986968"
1993-05-16,"58,645170","62,4349315724","27,7394907674"
1993-05-17,"37,739157","70,8413239553","26,9460922778"
1993-05-18,"86,282580","59,5818890883","22,9820759766"
1993-05-19,"12,187944","57,0290968453","29,9181831994"
1993-05-20,"79,834090","75,0490492447","22,9264357469"
1993-05-21,"10,148179","60,6716349498","24,7494454821"
1993-05-22,"20,494017","61,2186901466","24,4373888473"
1993-05-23,"56,509850","60,6523180360","23,8035476038"
1993-05-24,"17,891590","54,3757337345","28,0365021168"
1993-05-25,"70,235380","73,5769078282","27,6422737978"
1993-05-26,"11,598213","62,9363086081","27,6926854298"
1993-05-27,"12,074186","61,3187125098","23,6010519524"
1993-05-28,"99,521765","70,1802909753","25,6383869144"
1993-05-29,"71,470518","75,3800665552","21,4654965455"
1993-05-30,"83,401979","66,6387334903","28,4286472769"
1993-05-31,"84,129399","54,9023385703","24,4229229107"
1993-06-01,"24,476753","61,7473378218","15,8018798500"
1993-06-02,"40,174378","67,6030498482","22,9430772394"
1993-06-03,"15,268530","67,3998969228","18,5478791386"
1993-06-04,"19,334260","48,2057681644","21,3049884696"
1993-06-05,"28,015329","63,1093264918","15,3378324139"
1993-06-06,"34,430064","56,0524590578","18,4927446053"
1993-06-07,"45,449396","65,7929213653","23,3735560836"
1993-06-08,"28,481380","55,9538835368","24,7778738553"
1993-06-09,"31,129644","57,7891059504","20,3755438471"
1993-06-10,"33,979964","44,7208324364","24,1778979678"
1993-06-11,"39,248802","56,3295379033","22,9801989278"
1993-06-12,"39,926811","56,8935655554","21,1463991319"
1993-06-13,"32,458465","40,0372768090","23,5360445658"
1993-06-14,"30,782576","66,3243882201","17,1491389611"
1993-06-15,"3,419289","49,6862892111","21,8981844406"
1993-06-16,"49,968484","61,5523477186","21,6602659812"
1993-06-17,"39,850148","63,8307339577","16,2894799633"
1993-06-18,"30,891196","41,5434973577","16,7830652748"
1993-06-19,"31,849377","47,5977819673","22,3598321858"
1993-06-20,"48,003036","43,7337711376","23,4921846972"
1993-06-21,"37,816343","56,0029840614","18,2467005392"
1993-06-22,"40,174688","50,2616459051","19,7214779495"
1993-06-23,"20,221417","54,1837303679","15,7940749160"
1993-06-24,"16,902288","42,3623511243","24,9123003083"
1993-06-25,"39,049136","67,7387542996","17,2653232504"
1993-06-26,"15,695609","49,6641061873","18,6954995529"
1993-06-27,"12,275651","41,5908786694","23,8904548039"
1993-06-28,"41,803344","50,8859353666","15,0314200899"
1993-06-29,"30,692916","55,0988302645","22,4441029382"
1993-06-30,"43,587059","68,9686403302","19,8880734612"
1993-07-01,"10,588745","45,1240821967","22,3235682710"
1993-07-02,"19,811039","40,6834290707","24,1986319375"
1993-07-03,"10,197646","59,3995996868","23,5550797836"
1993-07-04,"49,637665","56,8568312854","19,3619122121"
1993-07-05,"26,894101","51,6990779536","18,1135244800"
1993-07-06,"4,459534","58,7205840460","23,6849717591"
1993-07-07,"2,850045","40,3817917269","20,2291462213"
1993-07-08,"12,545623","43,7379137043","15,6097180947"
1993-07-09,"22,003721","57,6765287557","23,5852411217"
1993-07-10,"15,585268","49,8033202334","15,2072135617"
1993-07-11,"48,481993","61,8128706064","14,0602217593"
1993-07-12,"47,598754","51,5636653322","15,3343087750"
1993-07-13,"37,545026","49,0051100849",indisponivel
1993-07-14,"18,162915","41,3197609605","19,7533866890"
1993-07-15,"11,986952","44,4559040947","18,9992106790"
1993-07-16,"34,927156","64,1022089043","24,1581297554"
1993-07-17,"46,081544","51,1740117454","14,1019511495"
1993-07-18,"36,077211","51,3161032336","17,6096692584"
1993-07-19,"46,948737","63,6653232744","19,5504562624"
1993-07-20,"7,708291","43,6551254068","21,3851672563"
1993-07-21,"0,506618","43,8766128857","20,7675904557"
1993-07-22,"7,159464","68,6116070919","14,3875872799"
1993-07-23,"27,175721","68,1830811128","20,9108759040"
1993-07-24,"43,323875","51,7116887210","14,2788650602"
1993-07-25,"6,800099","61,5075210443","17,8348564659"
1993-07-26,"34,783132","62,1877383198","17,4153584911"
1993-07-27,"0,411506","53,9535894543","18,9749701602"
1993-07-28,"20,875330","59,9233181558","19,0874429519"
1993-07-29,"8,404969","54,7100337787","20,0927299693"
1993-07-30,"0,074507","44,8789220423","15,7889167445"
1993-07-31,"39,042430","59,9517612122","19,6387274178"
1993-08-01,"33,764552","68,1336987476","20,3033503835"
1993-08-02,"43,692976","67,0743462699","18,5297723691"
1993-08-03,"0,119731","63,7817071321","16,1652836892"
1993-08-04,"27,507868","42,6395619950","17,0835814002"
1993-08-05,"29,038023","45,6460005740","22,7941451534"
1993-08-06,"12,866959","69,4323292423","14,6357926086"
1993-08-07,"32,277437","40,4368874904","16,6477651340"
1993-08-08,"44,378427","50,7500892503","17,4844366143"
1993-08-09,"24,170189","68,1442177337","21,5606140590"
1993-08-10,"1,295197","57,6627454454",indisponivel
1993-08-11,"12,943186","64,2841810571","23,3444267371"
1993-08-12,"18,315197","43,4982800307","23,1988816206"
1993-08-13,"39,095349","59,2233653329","20,7693678877"
1993-08-14,"39,985955","50,5995802012","24,0039855754"
1993-08-15,"20,197706","69,6927308910","22,5906636520"
1993-08-16,"2,069953","58,4895735368","22,8409373456"
1993-08-17,"7,560793","54,4674022873","16,4283198675"
1993-08-18,"23,688573","49,2701630388","24,6868243138"
1993-08-19,"42,088085","45,4108014087","18,3315104155"
1993-08-20,"29,766579","61,6344850891","16,8990085068"
1993-08-21,"13,154831","47,3609846484","19,1892993743"
1993-08-22,"0,773927","42,3134685280","24,1358221244"
1993-08-23,"20,331814","58,8396300730","18,5266742750"
1993-08-24,"1,989252","54,0821907726","15,1974999006"
1993-08-25,"20,551963","42,6938651384","22,3984547341"
1993-08-26,"23,842191","43,5540311919","24,4849001692"
1993-08-27,"14,487080","57,0250398722","24,9223566583"
1993-08-28,"10,868540","43,8212552605","16,8239317587"
1993-08-29,"34,869569","66,0088610103","18,0282357011"
1993-08-30,"10,631585","42,3202435556","24,8198890573"
1993-08-31,"23,754031","59,8096298439","17,1640434766"
1993-09-01,"38,916466","65,9627726484","21,7512977345"
1993-09-02,"40,461878","65,2343325742","28,3228238437"
1993-09-03,"43,305155","57,7720966716","20,0435416751"
1993-09-04,"43,327858","63,1723982784","22,1070991996"
1993-09-05,"4,379246","56,0304111567","26,5089291762"
1993-09-06,"49,668202","51,4636720124","21,9985499521"
1993-09-07,"22,011171","56,3417975823","27,6828595449"
1993-09-08,"33,841482","59,3673834994","29,5246585794"
1993-09-09,"14,274769","51,4266638229","21,8199483720"
1993-09-10,"29,232935","54,1413588344","24,7078791295"
1993-09-11,"24,227386","51,4817208401","29,4421299076"
1993-09-12,"38,028007","62,0718815111","22,2438294505"
1993-09-13,"6,252591","55,0844504253","28,1006636629"
1993-09-14,"9,614634","50,4637853149","21,7075254283"
1993-09-15,"0,377315","52,1234477827","20,5810653705"
1993-09-16,"28,540042","64,4640977631","24,1685113972"
1993-09-17,"49,203498","40,9467128370","26,2203419517"
1993-09-18,"31,857282","68,9152802290","26,6943365676"
1993-09-19,"34,874277","41,8130443090","28,4272744870"
1993-09-20,"25,142700","57,4361901126","27,7074796622"
1993-09-21,"6,038314","67,8442159520","27,6289530235"
1993-09-22,"5,233102","62,1442725531","25,2446950840"
1993-09-23,"11,322112","69,1094079110","24,8377704740"
1993-09-24,"31,589148","64,6878608462","23,2672969411"
1993-09-25,"37,246150","47,7602614163","22,9555985679"
1993-09-26,"44,203225","52,1075011753","26,1573524880"
1993-09-27,"18,803584","48,0344987874","26,7944528484"
1993-09-28,"27,984143","44,7695125506","28,9567575119"
1993-09-29,"49,427100","42,7695744136","27,8574279200"
1993-09-30,"15,270035","60,0125469804","28,2486822728"
1993-10-01,"72,973390","54,6467344783","23,1443411783"
1993-10-02,"65,939226","50,6076151316","25,5521371614"
1993-10-03,"65,017943","63,3429058744","24,7961128842"
1993-10-04,"56,406339","76,6894196835","25,6006583081"
1993-10-05,"23,081156","57,6227651716","24,8740500096"
1993-10-06,"45,814454","60,8979728163","22,8815471254"
1993-10-07,"35,767469","72,5777448862","24,0470574722"
1993-10-08,"99,738852","69,1313602863","24,7562090581"
1993-10-09,"38,017378","64,6455015469","29,4956748506"
1993-10-10,"20,696065","58,1298151405","23,3321486928"
1993-10-11,"49,335271","68,9038563778","27,7061721936"
1993-10-12,"79,475959","78,2606962537","28,5609669376"
1993-10-13,"68,671252","55,5702349842","21,8697092860"
1993-10-14,"77,159829","63,2894343783","26,3593773478"
1993-10-15,"86,472700","63,6804776557","27,9938243617"
1993-10-16,"55,184557","71,1802922615","25,3390280817"
1993-10-17,"32,062639","53,8226516261","25,4058006386"
1993-10-18,"90,865280","53,1018786062","26,7263418924"
1993-10-19,"35,584523","74,2122544506","23,8528903854"
1993-10-20,"58,945562","76,6880194044","29,5169600185"
1993-10-21,"85,886842","73,0611380929","25,4103896760"
1993-10-22,"40,767666","55,7804341307","23,8865520768"
1993-10-23,"35,807894","76,6465692686","22,1226248459"
1993-10-24,"34,152752","77,3248013364","20,2644758864"
1993-10-25,"59,975140","59,4984453566","27,2836872977"
1993-10-26,"42,268137","55,1752893882","25,1218785026"
1993-10-27,"59,689856","72,8752732782","29,5846973685"
1993-10-28,"75,556092","61,8489512058","21,3153518712"
1993-10-29,"20,457208","65,4180193239","26,0139707801"
1993-10-30,"78,613138","57,6762290870","27,3529758365"
1993-10-31,"96,848770","61,9049005280","27,4365449241"
1993-11-01,"42,783052","53,8928750462","20,0048860391"
1993-11-02,"74,905003","59,5060590172","28,9304196793"
1993-11-03,"68,040145","79,6325462106","22,1880257089"
1993-11-04,"70,360369","57,8208862438","28,1628313836"
1993-11-05,"63,645093","75,3403611421","25,6204190639"
1993-11-06,"59,720829","75,9901344951","26,1550272706"
1993-11-07,"65,093607","74,0447465917","28,5443020283"
1993-11-08,"85,019098","61,2159297063","21,2431445322"
1993-11-09,"71,862900","63,8118764373","21,6795570612"
1993-11-10,"83,315922","57,6902551846","20,8877541037"
1993-11-11,"64,453817","55,3397942191","27,3204995301"
1993-11-12,"29,883619","74,5278651485","22,9513242523"
1993-11-13,"71,717390","72,5374108327","24,3004076616"
1993-11-14,"27,339230","62,4586995783","22,2761129004"
1993-11-15,"57,086786","60,9141908268","23,0406941998"
1993-11-16,"44,081284","75,7925610111","21,4870590049"
1993-11-17,"65,792309","64,4222224420","23,2018877716"
1993-11-18,"50,200315","51,9429895302","21,7839189652"
1993-11-19,"26,869163","70,2609447209","21,3933065748"
1993-11-20,"19,453107","71,6746162543","28,4387774245"
1993-11-21,"46,410137","73,5057136896","25,7681072925"
1993-11-22,"23,542164","50,1893043000","25,4701275409"
1993-11-23,"33,280524","73,2173100958","25,0348246587"
1993-11-24,"62,935370","64,3653407501","20,6416233011"
1993-11-25,"97,128375","53,0038227113","22,5314916632"
1993-11-26,"61,141658","61,6725565110","24,3949447661"
1993-11-27,"38,073885","53,1386952081","23,0143878074"
1993-11-28,"28,705469","75,2429823700","20,8640655504"
1993-11-29,"14,804544","50,8599750682","27,3194447921"
1993-11-30,"11,682571","56,3492944920","26,1950473038"
1993-12-01,"135,692948","62,0821822595","30,4236624867"
1993-12-02,"286,980408","87,5979244939","35,4088717916"
1993-12-03,"178,147749","78,9010838110","29,7399032261"
1993-12-04,"93,142099","72,7569239453","33,2941095703"
1993-12-05,"76,832544","78,4916904003","37,0762708305"
1993-12-06,"231,035847","83,6346585090","31,5801220915"
1993-12-07,"85,602040","88,0018711462","30,9568289093"
1993-12-08,"104,445495","64,8630284291","32,9021314585"
1993-12-09,"105,250472","74,3173191933","33,0246528922"
1993-12-10,"229,146136","81,2646137655","26,3116823338"
1993-12-11,"236,918706","87,7455979544","33,1704824553"
1993-12-12,"170,584000","81,4400058720","33,8451151622"
1993-12-13,"274,196101","74,5683959634","25,7065810968"
1993-12-14,"274,742241","83,9044166669","36,2332022807"
1993-12-15,"124,281421","85,2363974477","29,0196914738"
1993-12-16,"56,785933","82,0244057125","34,4364905063"
1993-12-17,"202,488815","70,8723718945","29,5848305651"
1993-12-18,"293,161639","90,1254704164","33,7192553561"
1993-12-19,"210,914085","85,3719437971","29,5641321123"
1993-12-20,"195,186277","72,4077837630","30,7687686297"
1993-12-21,"296,492214","70,9760753071","36,9155039237"
1993-12-22,"225,817460","69,4687887382","26,1436175240"
1993-12-23,"175,784298","63,7484739988","37,0331662531"
1993-12-24,"170,154730","89,1991579522","34,6769793128"
1993-12-25,"169,709661","79,8142451617","30,8266682740"
1993-12-26,"258,424918","67,5437388457","35,3320236516"
1993-12-27,"276,815912","66,8860891411","31,0572283673"
1993-12-28,"137,102905","72,4675865761","26,7015672222"
1993-12-29,"200,161315","90,7810404303","27,3396237621"
1993-12-30,"54,456455","73,7068229072","37,5486985753"
1993-12-31,"282,424972","94,5084284750","26,2698827250"
1994-01-01,"114,889773","64,0980298829","36,2238590950"
1994-01-02,"227,317131","74,5846200029","37,8689582542"
1994-01-03,"154,694328","89,3413760988","28,9417015615"
1994-01-04,"170,072976","64,8691863377","35,5183038801"
1994-01-05,"130,944990","67,6111261655","30,4359386190"
1994-01-06,"134,567348","92,4410371516","37,9204276081"
1994-01-07,"58,692263","75,8757647518","29,3131906936"
1994-01-08,"111,760023","63,4051829874","30,2923097990"
1994-01-09,"182,270856","67,6588728159","33,0418057144"
1994-01-10,"210,574434","72,4771453917","30,9471395875"
1994-01-11,"184,963296","94,6069950358","25,1280162511"
1994-01-12,"260,391246","83,1026842600","28,0970192077"
1994-01-13,"155,559280","61,3644445651","37,0034515674"
1994-01-14,"234,587008","87,2346706631","37,9080594988"
1994-01-15,"170,608290","85,6832050083","31,0130427447"
1994-01-16,"108,196365","93,9192918359","27,1493214094"
1994-01-17,"81,825731","88,6455966458","29,9604922108"
1994-01-18,"116,281985","93,5493546551","33,8261828386"
1994-01-19,"263,858053","84,2664156985","31,1801075112"
1994-01-20,"60,856926","93,9814893583","33,6713610897"
1994-01-21,"213,856001","65,6759906022","34,5873539120"
1994-01-22,"227,006783","74,1978469474","32,1952919674"
1994-01-23,"78,713998","80,5484379281","33,8705967782"
1994-01-24,,"60,4660233635","34,4825696754"
1994-01-25,"126,191872","76,3287391653","25,7775487163"
1994-01-26,"71,291497","88,4154701451","29,2526501647"
1994-01-27,"83,670727","77,4752341907","32,1194430363"
1994-01-28,"103,333422","79,6094651955","28,1737017145"
1994-01-29,"282,445547","71,4114122925","35,5938573403"
1994-01-30,"157,316833","71,5351647974","30,2733238312"
1994-01-31,"276,584947","86,6956250881","37,3314287455"
1994-02-01,"59,210744","74,8154610057","26,2981733351"
1994-02-02,"173,725183","91,9812868465","34,6901772576"
1994-02-03,"244,631858","91,9599785380","33,3059028334"
1994-02-04,"290,891010","64,7601824756","27,9182660931"
1994-02-05,"125,103999","69,0084198777","28,4357612652"
1994-02-06,"67,150557","72,3289594811","33,5155539184"
1994-02-07,"167,041590","75,9160992636","35,9617681210"
1994-02-08,"158,194336","94,5713997127","35,2396127422"
1994-02-09,"199,163278","73,2347164728","36,3502774979"
1994-02-10,"176,221433","65,5603559357","29,1410322219"
1994-02-11,"150,833398","85,5720285695","28,5237977006"
1994-02-12,"190,263114","71,2423625394","36,0469573095"
1994-02-13,"268,846478","93,1484015746","31,2153352949"
1994-02-14,"109,309452","77,4327004607","28,1953975367"
1994-02-15,"237,827293","93,3587898516","25,2628653204"
1994-02-16,"84,533711","91,9621811086","27,0875298355"
1994-02-17,"94,294521","76,1001395641","31,0027195222"
1994-02-18,"280,434202","77,9459835932","26,6107514896"
1994-02-19,"298,558728","82,7122096865","27,0029846843"
1994-02-20,"291,112663","93,1150600407","25,8439845686"
1994-02-21,"175,478985","73,1097875369","33,5231735770"
1994-02-22,"72,444386","85,8734303300","28,0918632631"
1994-02-23,"90,609838","90,9606404425","30,5107196258"
1994-02-24,"188,799266","91,4208988758","35,4584788128"
1994-02-25,"57,866672","62,6555689346","37,2035298266"
1994-02-26,"243,343611","82,6479713818","36,9284129449"
1994-02-27,"84,444787","78,1772331431","35,1485108519"
1994-02-28,"245,574997","75,0225757078","36,7784892910"
1994-03-01,"117,916856","84,2045668961","20,6339286668"
1994-03-02,"186,634416","94,0606917071","23,5479012168"
1994-03-03,"247,062448","65,5203251504","27,8476303642"
1994-03-04,"179,918381","90,9354365712","24,9948356750"
1994-03-05,"58,276598","92,2797517578","24,6840349308"
1994-03-06,"263,161452","76,9435222125","25,3606992621"
1994-03-07,"166,379201","75,3692462660","27,3514433472"
1994-03-08,"276,183072","91,2888636302","27,4705060383"
1994-03-09,"202,778171","76,3720540389","22,8991483493"
1994-03-10,"205,266481","78,0189696615","22,4871547759"
1994-03-11,"105,544505","77,5950717439","22,7877975408"
1994-03-12,"65,598135","66,9314126047","21,7337889471"
1994-03-13,"268,003842","88,2598174889","21,6247560269"
1994-03-14,"95,699102","80,3151308859","20,1813564717"
1994-03-15,"100,743482","64,3995582806","20,1990056746"
1994-03-16,"211,061554","60,3120734597","28,6554824776"
1994-03-17,"72,537879","83,9559071246","27,4037630377"
1994-03-18,"280,887872","89,4331234891","22,0311763207"
1994-03-19,"253,888918","87,3508941081","25,7554643094"
1994-03-20,"99,386804","87,3485705172","20,5279540063"
1994-03-21,"240,262604","74,5335495357","29,0451467516"
1994-03-22,"236,739121","93,4166665233","25,2539601934"
1994-03-23,"131,421836","80,0102661189","26,9380198908"
1994-03-24,indisponivel,"74,7403083852","20,4942841958"
1994-03-25,"177,479257","69,0767012015","28,6372238622"
1994-03-26,"87,282583","93,8686779065","20,5257231463"
1994-03-27,"287,805743","71,0929699384","25,7833949439"
1994-03-28,"89,720190","66,3121808319","25,9729345232"
1994-03-29,"252,011030","68,4445117365","23,0891912111"
1994-03-30,"261,562814","93,7867418237","29,0110192329"
1994-03-31,"96,328453","73,8307283301","29,9919289661"
1994-04-01,"60,741266","60,1774087768","22,8826716109"
1994-04-02,"33,897824","52,0152139646","24,4716158315"
1994-04-03,"27,147478","54,0746427158","20,4761068922"
1994-04-04,"93,440359","59,3834045385","28,3116728351"
1994-04-05,"94,165582","74,4378275201","23,9255121497"
1994-04-06,"55,764353","69,1739737749","26,8939681536"
1994-04-07,"94,608324","53,8470359603","22,6769170432"
1994-04-08,"59,231468","55,4754922789","20,6708125340"
1994-04-09,"24,185650","65,0518949825","28,0714837422"
1994-04-10,"20,651084","79,4143468434","24,3133645258"
1994-04-11,indisponivel,"58,4802673329","27,5293673319"
1994-04-12,"92,265126","65,8247466153","28,5127870221"
1994-04-13,"79,376751","65,5774885126","22,6254379118"
1994-04-14,"12,100273","57,6475711921","25,0389334822"
1994-04-15,"43,997276","62,2782578401","23,4217373977"
1994-04-16,"44,538025","71,1192352249","23,2961485984"
1994-04-17,"78,219002","56,1487481914","28,2320167038"
1994-04-18,,"78,0184322175","27,1521867380"
1994-04-19,"41,929493","50,2619403380","28,5346956682"
1994-04-20,"11,854630","51,0771669886","21,1517059385"
1994-04-21,"44,785937","66,9599868625","28,0572220964"
1994-04-22,"46,632314","61,8963292180","25,6420865616"
1994-04-23,"49,565539","60,6391540015","23,9926800280"
1994-04-24,"36,156889","60,8177883191","27,6019093498"
1994-04-25,"51,066539",indisponivel,"22,1736748217"
1994-04-26,"83,829711","56,9180225296","26,4239271327"
1994-04-27,"16,654958","60,9873267450","25,7460657295"
1994-04-28,"26,686198","67,3156057962","26,1096926684"
1994-04-29,"95,660311","52,3740682873","24,7129843330"
1994-04-30,"90,490967","72,4422097575","29,3836432939"
1994-05-01,"77,852547","76,5196063139","24,3769028679"
1994-05-02,"94,725350","76,3373582250","28,6976656119"
1994-05-03,"50,493226","60,1755681188","23,0002371960"
1994-05-04,"21,814121","53,6381312639","23,9118636587"
1994-05-05,"30,543256","72,4499759276","22,1251108909"
1994-05-06,"20,706425","76,4307685894","29,1027003096"
1994-05-07,"19,829301","68,1545651381","22,4953491309"
1994-05-08,"60,226260","55,4830483795","26,5747921100"
1994-05-09,"85,804874","71,1791897066","23,7277013233"
1994-05-10,"43,140807","74,9430606299","28,7993433771"
1994-05-11,"54,830814","79,6224849185","20,3348967843"
1994-05-12,"47,908108","75,8850708971","21,8411768592"
1994-05-13,"26,064142","76,3507943158","26,4190189219"
1994-05-14,"42,103188",,"29,5631449133"
1994-05-15,"63,229139","59,2136050013","24,1033322946"
1994-05-16,"98,564661","79,8815954338","22,9987428489"
1994-05-17,"56,509899","79,5972284537","22,9369025230"
1994-05-18,"54,998388","51,9408427018","28,7439443944"
1994-05-19,"25,048671","51,3012870630","27,7608426830"
1994-05-20,"93,956488","57,2149308238","25,7438820287"
1994-05-21,"16,424663","69,6889965794","28,4803583315"
1994-05-22,"58,534922","72,1214849221","29,4747471608"
1994-05-23,"63,708324","69,7384794595","25,0951050049"
1994-05-24,"50,929095","71,8186747379","23,8707540827"
1994-05-25,"66,057387","54,8169126903","21,7783011395"
1994-05-26,"29,989236","51,4696582168","25,4638813026"
1994-05-27,"69,271144","77,5815225357","22,8621109581"
1994-05-28,"40,651650","66,2842279621","21,2515151148"
1994-05-29,"97,208255","70,8786783297","20,6472696736"
1994-05-30,"40,974678","76,1680531247","26,8196615529"
1994-05-31,indisponivel,"50,4381515831","22,4335237869"
1994-06-01,"41,445074","47,7436218344","23,3692618909"
1994-06-02,"22,901391","56,8818892090","17,9141558219"
1994-06-03,"37,595593","50,6649160881","19,0716766703"
1994-06-04,"48,393040","56,1163101932","19,1657551833"
1994-06-05,"19,311061","51,1449381839","24,4338494296"
1994-06-06,"10,252386","50,6640903395","18,4375999881"
1994-06-07,"46,383747","68,7088901913","20,5632879516"
1994-06-08,"19,872710","58,4054805207","18,1612432720"
1994-06-09,"46,825169","50,1705627484","24,7222147806"
1994-06-10,"25,749717","41,2747797411","15,7661104633"
1994-06-11,"48,136098","42,5244551010","16,7542679985"
1994-06-12,"23,752383","55,8216327201","22,4518436229"
1994-06-13,"44,608770","46,9057725147","21,9889011378"
1994-06-14,"5,897941","45,8703924009","17,8170823758"
1994-06-15,"42,831904","51,4514537436","15,8052391646"
1994-06-16,"37,683404","60,7090775740","21,8376447875"
1994-06-17,"6,577313","46,2890519365","21,2063872352"
1994-06-18,"31,246021","48,6241932923","15,5302006632"
1994-06-19,"24,719969","67,6724212462","16,4946834622"
1994-06-20,"43,357245","56,6415628329","17,0639138518"
1994-06-21,"37,724742","47,5937224434","17,5254844066"
1994-06-22,"31,100851","56,8680110499","22,4462056934"
1994-06-23,"47,273923","64,5161536305","21,1298714257"
1994-06-24,"17,867231","40,6304751760","16,8435995965"
1994-06-25,"8,790541","59,6543054988","16,3397696334"
1994-06-26,"21,125046","47,9282857390","24,3441113401"
1994-06-27,"5,139026","44,4822933096","18,3583559389"
1994-06-28,"4,875876","69,2617018039","20,7806655915"
1994-06-29,"11,550456","57,7771098785","14,4595421715"
1994-06-30,"24,931957","46,9950018651","17,5370175414"
1994-07-01,"3,816856","49,0434254035","15,0047979512"
1994-07-02,"8,798781","59,3641444492","19,1258994483"
1994-07-03,"22,280688","56,3575395609","22,2382298219"
1994-07-04,"9,642564","42,5776314819","20,2289870242"
1994-07-05,"4,247430","60,4749833952","21,9805235110"
1994-07-06,"0,459171","48,3157841389","23,0785342506"
1994-07-07,"39,532905","56,7810376653","20,6409694068"
1994-07-08,"16,460808",,"19,2377116168"
1994-07-09,"15,718683","47,0110044356","16,9349094757"
1994-07-10,"48,165687","48,9699812583","19,4744053145"
1994-07-11,"39,503740","49,6662264295","24,7068334445"
1994-07-12,"17,140259","68,3636023542","21,5206547821"
1994-07-13,"16,272608","52,1032993600","23,8900021187"
1994-07-14,"19,670451","42,4848781105","17,8922263695"
1994-07-15,"38,491937","44,9599541414","14,8801516042"
1994-07-16,"17,881752","63,4245788593","21,8735135515"
1994-07-17,"44,796464","64,5486134570","15,0537106760"
1994-07-18,"21,367138","54,2394326656","18,4107973811"
1994-07-19,"1,206555","63,3102445886","19,9690447400"
1994-07-20,"0,136284","59,9140616191","15,6451721710"
1994-07-21,"30,426645","52,0497321941","24,0516555565"
1994-07-22,"2,674085","49,8257193024","19,1696896441"
1994-07-23,"44,480691","52,6278983355","14,7458694876"
1994-07-24,"11,745061","63,4017097533","14,2840060929"
1994-07-25,"8,083728","65,4513575147","14,0111282531"
1994-07-26,"33,603617","49,4553640367","16,4386117015"
1994-07-27,"29,408431","42,3416558012","19,5444140306"
1994-07-28,"5,443903","52,2593364560","22,3017303092"
1994-07-29,"37,735583","42,8180725290","17,6992572339"
1994-07-30,"8,848609","60,1204052061","18,9004287175"
1994-07-31,"10,621294","55,3391923123","20,2306306722"
1994-08-01,"10,646756","48,3374527232","22,7009711243"
1994-08-02,"25,838993","54,4197670962","20,7913224974"
1994-08-03,"12,563014","67,8688227965","19,7165479791"
1994-08-04,"37,099886","45,7013054611","23,1629602496"
1994-08-05,"15,858312","64,7108700040","15,8430702667"
1994-08-06,"45,909313","62,4125717229","16,6608108352"
1994-08-07,"11,945332","48,0887892418","22,8474542713"
1994-08-08,"27,037033","51,6308122443","19,0046329404"
1994-08-09,"36,578353","56,1623728471","21,8283168520"
1994-08-10,"32,747213","62,5140097350","17,4719190314"
1994-08-11,"35,110632","58,3271847698","18,3886681143"
1994-08-12,"44,635026","54,5939649116","18,6234210581"
1994-08-13,"18,200185","43,0894963079","15,5035203516"
1994-08-14,"49,956172","47,7875376898","16,5228278284"
1994-08-15,"3,966858","42,6128340908","14,6257814524"
1994-08-16,"19,019259","52,8778741766","15,8642603905"
1994-08-17,"44,061517","40,2863539403","16,7567772823"
1994-08-18,"15,411126","42,5404163305","21,7427182187"
1994-08-19,"41,584828","40,4206919369","24,0953519948"
1994-08-20,indisponivel,"55,6094428969","16,0980782045"
1994-08-21,indisponivel,"67,3765356310","19,4094813226"
1994-08-22,"42,373533","58,0385206490","23,1338744915"
1994-08-23,"19,550629","57,8049483254","22,7758900487"
1994-08-24,"13,321514","50,3872494263","23,8248012512"
1994-08-25,"37,828361","57,3738627514","19,8770444769"
1994-08-26,"15,213870","41,4858725409","21,8712358039"
1994-08-27,"14,048725","60,3757262965","17,9502026550"
1994-08-28,"13,928469","64,5583018205","18,6932770524"
1994-08-29,"37,325251","45,6459346576","18,7301592331"
1994-08-30,"4,929206","48,6090413141","18,5979008239"
1994-08-31,"43,711936","63,3702683081","17,0802589462"
1994-09-01,"25,947826","48,6545336764","23,2011026162"
1994-09-02,"28,026259","40,4496195581","28,9643259835"
1994-09-03,"3,377833","53,9982289629","23,2572429334"
1994-09-04,"19,293496","63,2813094801","21,8626866227"
1994-09-05,"38,552949","42,5966945607","20,1118069369"
1994-09-06,"6,420228","56,3487842754","26,5498513694"
1994-09-07,"20,174918","46,5539817048","21,1027040000"
1994-09-08,"5,579140","44,6263447734","25,1245606739"
1994-09-09,"43,470080","46,0709021434","20,9040281206"
1994-09-10,"49,417214","44,5973607366","27,1582138210"
1994-09-11,"13,679942","47,8752118800","25,7796265792"
1994-09-12,"24,433011","66,6677297090","23,1015520302"
1994-09-13,"11,272877","49,0052961255","24,6059361328"
1994-09-14,"48,095946","50,9787915171","28,5880878775"
1994-09-15,"5,047924","67,4317845228","28,4980421978"
1994-09-16,"39,463207","49,8435452178","28,4043093551"
1994-09-17,"20,914086","46,9646937719","29,4051170548"
1994-09-18,"32,196884","51,3380233296","22,5921558901"
1994-09-19,"13,031187","61,6057694898","23,4498633057"
1994-09-20,"30,902683","62,1075716153","23,0114190362"
1994-09-21,"7,445459","54,9795404284","27,2788464371"
1994-09-22,"18,053136","43,3386554321","22,3825471615"
1994-09-23,"24,190847","41,6214156284","26,4581509727"
1994-09-24,"34,995774","46,9187613077","24,0452309811"
1994-09-25,"30,439652","48,2883734095","29,3498745247"
1994-09-26,"18,459723","63,9825854980","20,4420582341"
1994-09-27,"42,200909","45,5959045968","29,3344900937"
1994-09-28,"19,557494","56,9665352682","24,7612854817"
1994-09-29,"15,153076","66,7916531793","21,1782461988"
1994-09-30,"35,514045","53,2781273026","27,3807718681"
1994-10-01,"93,924095","65,5369437153","20,1070557270"
1994-10-02,"16,798167","51,0908552362","25,2059637498"
1994-10-03,"43,979337","68,9914590033","26,0608411681"
1994-10-04,"53,220701","57,1682921181","25,9984546096"
1994-10-05,"71,115552","64,1401660815","22,2171353471"
1994-10-06,"90,100091","55,4133441366","28,7002279714"
1994-10-07,"94,433931","62,2962235530","23,3782523931"
1994-10-08,"15,587443","57,7434621118","26,3484902326"
1994-10-09,"62,928017","56,0896611180","23,4654278335"
1994-10-10,"82,553966","54,7336319082","21,6643101049"
1994-10-11,"28,503453","67,1358082893","27,1423564033"
1994-10-12,"76,056450","70,9321082613","23,7614642353"
1994-10-13,"95,677391","65,6862905009","20,0368984704"
1994-10-14,"92,966898","59,6898355261","23,2550162722"
1994-10-15,"38,791670","58,0083638773","28,4014713278"
1994-10-16,"56,269473","71,3671317367","22,0274354333"
1994-10-17,"50,260164","76,0324721426","25,3963419368"
1994-10-18,"75,048941",,"25,0078974026"
1994-10-19,"48,039297","77,9979647628","20,5214247697"
1994-10-20,"87,252175","52,4933139858","20,0074902235"
1994-10-21,"23,189279","66,5997778504","20,8542645934"
1994-10-22,"18,079475","60,9883537454","22,4348297455"
1994-10-23,"36,835785","54,7442855452","29,2407755467"
1994-10-24,"66,491110","64,1625559335","28,7306905535"
1994-10-25,"82,319662","75,9467524607","26,5250255055"
1994-10-26,"50,696967","66,6523620274","25,4914565640"
1994-10-27,"53,245816","69,7362473642","22,6228613458"
1994-10-28,"97,029131","75,5565930542","20,4472347145"
1994-10-29,"30,630962","63,4344900910","29,0019485240"
1994-10-30,"68,359657","51,6582170786","27,9213648575"
1994-10-31,"67,834207","52,7256143381","20,4371489261"
1994-11-01,"43,643734","68,5804725821","23,2479357014"
1994-11-02,"81,510450","71,5779221817","29,8933236614"
1994-11-03,"69,037440","69,4031251176","25,3847501696"
1994-11-04,"44,885303","59,9768076304","25,6685507194"
1994-11-05,indisponivel,"71,7532826676","26,7121760035"
1994-11-06,"96,849376","53,4434525922","22,3727155334"
1994-11-07,"50,137955","63,7908918120","20,6338374812"
1994-11-08,"97,815398","54,9848784197","27,5894051688"
1994-11-09,,"74,5887711831","20,4838080421"
1994-11-10,"50,712616","54,1460561219","29,9553904921"
1994-11-11,"52,462858","61,1730432013","24,8933254334"
1994-11-12,"41,670991","72,4377759370","28,2260936816"
1994-11-13,"64,085742","66,7986670948","24,8744491837"
1994-11-14,"54,156036","77,5287184737","24,1067128382"
1994-11-15,"16,258493","58,9339093132","25,5849616613"
1994-11-16,"41,352853","75,1981449013","21,1057203669"
1994-11-17,"99,413219","66,8783058025","28,7299421115"
1994-11-18,"88,689458","68,1359473985","26,0272464280"
1994-11-19,"67,868237","52,9328927126","23,0979863066"
1994-11-20,"20,467430","62,1111189895","25,6151694828"
1994-11-21,"92,938345","68,5657086933","21,7099745326"
1994-11-22,"29,401875","59,8604827654","28,4480653000"
1994-11-23,"97,745745","79,2795011426","29,9037130349"
1994-11-24,"87,806650","78,8187323962","24,5346230014"
1994-11-25,"20,912026","55,5013147298","26,4043675251"
1994-11-26,"53,312591","57,7187647212","22,5440618841"
1994-11-27,"86,515855","73,1903200027","22,4621524702"
1994-11-28,"53,418208","62,6564029544","22,0094058798"
1994-11-29,"11,531975","52,3466687476","23,9815889890"
1994-11-30,"91,776559","62,8078139861","21,6291196660"
1994-12-01,"291,023199","68,4007138591","32,0642321089"
1994-12-02,"247,754077","89,8472564650","31,9074105210"
1994-12-03,"216,980285","80,4815419201","37,3276975643"
1994-12-04,"284,048447","81,2541821093","31,6916903684"
1994-12-05,"249,039519","67,1326120798","34,0587420524"
1994-12-06,"281,725609","91,9391234828","34,7814150548"
1994-12-07,"271,470350","73,1864545489","28,4502005821"
1994-12-08,"56,534512",,"30,5278005344"
1994-12-09,"195,978972","81,5462838014","35,6356363978"
1994-12-10,"168,655498","89,1630745685","36,9559891191"
1994-12-11,"145,251924","91,0788722812","26,3443288382"
1994-12-12,"224,395182","65,3800101977","26,5092524585"
1994-12-13,"273,788610","93,0989533521","31,5742200454"
1994-12-14,"236,946767","86,6596643836","36,1417309355"
1994-12-15,"241,954073","73,4992585015","25,8270362179"
1994-12-16,"92,057206","62,4648137959","28,3364862330"
1994-12-17,"178,448079","73,9541937826","35,0384423431"
1994-12-18,"209,249998","63,4584404635","29,6114028098"
1994-12-19,"61,672589","94,3108867065","36,4109723239"
1994-12-20,"164,663179","65,8968740889","30,0184277434"
1994-12-21,"65,482867","76,6404617654","29,2378723966"
1994-12-22,"122,041934","75,7807553964","28,7129733535"
1994-12-23,"172,917697","87,9312086460","33,4482725184"
1994-12-24,"173,331926","75,7416842324","35,3743183046"
1994-12-25,"86,274992","83,9677798992","32,1399860081"
1994-12-26,"130,795337","83,2084623751","28,0953322724"
1994-12-27,"293,137651","86,8595491008","28,8354319035"
1994-12-28,"144,066961","89,0345148426","29,8361737513"
1994-12-29,"169,812628","72,4851836101","33,2579793065"
1994-12-30,"78,584660","77,3520465939","25,9811684129"
1994-12-31,"279,175056","76,8439797946","26,4617798332"
1995-01-01,"234,634216","89,4783309369","35,7884454892"
1995-01-02,"131,130824","71,1847972156","33,6359830093"
1995-01-03,"248,790790","68,1093633497","26,5660578378"
1995-01-04,"163,114042","93,7450080108","36,0118146620"
1995-01-05,"180,520892","71,3434888504","35,0406966775"
1995-01-06,"134,274516","92,0185711708","26,2175110469"
1995-01-07,"78,099457","76,7023274095","27,6870507250"
1995-01-08,"174,829591","68,2889728352","29,2167757873"
1995-01-09,"90,813118","69,4394375974",indisponivel
1995-01-10,"284,289526","93,9395402828","34,5578823139"
1995-01-11,"156,692352","90,2143764492","32,7477974113"
1995-01-12,"294,631225","69,6710001171","25,6253466689"
1995-01-13,"70,956842","78,2972212440","32,6183225316"
1995-01-14,"199,885395","90,4643085128",indisponivel
1995-01-15,"208,152998","70,8486235788","30,4328362335"
1995-01-16,"249,759009","68,3003473715","29,5454455897"
1995-01-17,"87,748061","89,1317540091","25,5552521500"
1995-01-18,"233,110291","64,1527139572","37,7743278879"
1995-01-19,"223,473232","69,8194706948","27,3677988717"
1995-01-20,indisponivel,"91,4723100336","32,8887384151"
1995-01-21,"121,511367","65,5250674633","26,8167402523"
1995-01-22,"152,691466","63,9646170670","28,3072924558"
1995-01-23,"75,060996","78,0759348928","35,6245098040"
1995-01-24,"85,836500","73,0579788152","26,4202332668"
1995-01-25,"298,395235","82,6434966768","32,6830729874"
1995-01-26,"211,464632","72,8841321873","27,8207599039"
1995-01-27,"270,267144","78,3480624213","34,3229289827"
1995-01-28,"290,781542","93,7046089748","28,2419344270"
1995-01-29,"140,432592","65,1604642711","28,0932346863"
1995-01-30,"86,977266","83,9728460550","37,9894853001"
1995-01-31,"83,757451","82,2001627876","27,3805120922"
1995-02-01,"166,302287","65,9164324421","30,6972524214"
1995-02-02,"97,151255","72,0049188011","37,4292453103"
1995-02-03,"283,914963","79,6615756814","27,4513193345"
1995-02-04,"276,336667","71,2209109619","27,4266120450"
1995-02-05,"242,462187","64,0210940508","26,3880404020"
1995-02-06,"118,553082","89,4012433347","35,3137216566"
1995-02-07,"276,285499","87,1753616539","30,3203956992"
1995-02-08,"265,038069","90,3413082036","35,7458338185"
1995-02-09,"291,102392","72,1074069628","37,2513375114"
1995-02-10,"130,750606","76,3709962090","37,8157349370"
1995-02-11,"148,541681","61,2250574005","27,7284989669"
1995-02-12,"168,496537","70,3744411454","30,0312888929"
1995-02-13,"228,827657","70,0170861316","36,3533808537"
1995-02-14,"169,896836","86,5548744113","31,4626679342"
1995-02-15,"157,061430","68,7701393904","28,4906588077"
1995-02-16,"157,547152",,"35,8817756837"
1995-02-17,"265,899765","80,1718441132","29,5930840332"
1995-02-18,"158,682933","84,2508522231","30,1637198621"
1995-02-19,"151,247837","81,5466650602","26,2759294716"
1995-02-20,"50,721627","73,7653911923","31,4827922142"
1995-02-21,"175,318465","94,4592619114","27,7533899096"
1995-02-22,"274,970313","70,4081437826","32,2570499882"
1995-02-23,"248,601350","76,8150129205","30,5197037764"
1995-02-24,"112,061752","72,2101259677","25,9252329577"
1995-02-25,"163,397000","70,2905659948","33,9402475396"
1995-02-26,"290,069103","68,2559852553","26,7430491649"
1995-02-27,"277,958652","75,7796140125","25,5934435771"
1995-02-28,"163,957697","68,5141856297","29,3148919747"
1995-03-01,"274,393698","67,9466036038","29,0764664522"
1995-03-02,"176,760866","89,2220792959","23,9803251635"
1995-03-03,"212,850687","85,2854366943","20,1529566934"
1995-03-04,"189,637998","90,7541054927","28,5481739589"
1995-03-05,"72,529408","66,4546402867","21,2076952536"
1995-03-06,"168,766615","65,4445251030","25,7519183606"
1995-03-07,"135,503728","76,2231218634","21,9564394074"
1995-03-08,"107,936782","64,1387168656","20,2632115013"
1995-03-09,"245,007572","67,5478622472","20,0790750137"
1995-03-10,"100,835291","82,3517293027","29,0580590642"
1995-03-11,"153,701496","73,3044749628","21,7160389464"
1995-03-12,"139,302788","60,6664684118","25,4434925976"
1995-03-13,"165,004659","82,8461357624","29,0589854672"
1995-03-14,"289,896303","65,4740034788","20,2967783151"
1995-03-15,"235,811225","69,0125941332","24,4220343804"
1995-03-16,"175,691916","79,2820327183","28,0742986931"
1995-03-17,"86,036291","72,4628390790","23,2582256820"
1995-03-18,"143,574551","85,7415935624","27,6429657667"
1995-03-19,"273,598570","69,6091926033","26,1388635286"
1995-03-20,"129,000967","85,8771747410","20,8254763952"
1995-03-21,"168,805533","71,1572076656","26,6461897993"
1995-03-22,"236,635380","64,7549596998","26,5100833640"
1995-03-23,"100,680282","70,0627786758","22,6319041513"
1995-03-24,"195,403914","81,3724106683","20,2800151444"
1995-03-25,"58,020557","72,8897707144","27,7279424967"
1995-03-26,"289,092052","73,6302659626","23,4572350813"
1995-03-27,"120,039193","81,0031212233","26,4125823204"
1995-03-28,"99,315497","83,4291812209","23,0442911822"
1995-03-29,"257,588461","73,9549949432","26,3153567239"
1995-03-30,"50,806688","71,7110676850","20,2938251283"
1995-03-31,"50,791442","73,1035015278","21,7564893325"
1995-04-01,"68,740342","52,5918543150","21,8022305254"
1995-04-02,"30,970036",indisponivel,"28,9945117137"
1995-04-03,,"59,6403773525","25,4790478543"
1995-04-04,"50,098692","56,6649285408","24,9848626061"
1995-04-05,"51,559457","74,9574187951","29,9033708533"
1995-04-06,"56,614542","51,9291518550","22,7084879835"
1995-04-07,"92,163921","54,5476355415","20,6859392693"
1995-04-08,"47,034367","63,8532708188","20,3701862482"
1995-04-09,"42,273309","73,5633985467","24,3133001609"
1995-04-10,"58,745527","76,5167749827","29,8031245258"
1995-04-11,"63,548824","50,8333047933","27,2500196772"
1995-04-12,"37,217025","68,0064867361","27,9258271443"
1995-04-13,"74,884880","50,1129914982","24,8146306728"
1995-04-14,"29,069582","73,2452570283","26,8720576686"
1995-04-15,"66,085261","63,0550420099","29,8787878632"
1995-04-16,"84,202502","58,0534576171","23,8121206470"
1995-04-17,"16,019571","54,0923365563","26,1682223932"
1995-04-18,"54,597840","61,2964591708","27,9043104780"
1995-04-19,"50,159916","56,2416370056","27,4601058378"
1995-04-20,"36,612970","73,3821790645","23,0830069484"
1995-04-21,"50,482131","54,7036211566","23,8235864538"
1995-04-22,,"73,5933079901","22,7795413423"
1995-04-23,"55,598302","67,2336692266","27,7774803695"
1995-04-24,"97,534652","58,7092615665","22,9481847903"
1995-04-25,"88,355653","72,5519747570","25,3222398960"
1995-04-26,"89,430493","75,6228294350","21,2922549492"
1995-04-27,"30,003891","79,1343678000","22,3424135951"
1995-04-28,"82,545562","76,6122092563","29,6315869101"
1995-04-29,"56,919423","73,1025101443","20,2791383893"
1995-04-30,"90,864072","55,6711450081","28,2641489349"
1995-05-01,"43,322270","77,5570591037","23,6271078025"
1995-05-02,"59,846181","64,5905115412","28,8153567969"
1995-05-03,"92,308062",,"20,6957557313"
1995-05-04,"41,692543","60,4805041040","26,9937042979"
1995-05-05,"66,757722","57,4795536950","23,4727519862"
1995-05-06,"67,888687","66,6182522073","25,0445126691"
1995-05-07,"72,951445","69,3673404934","25,9400655266"
1995-05-08,"33,073691","73,7061799511","22,8432710645"
1995-05-09,"34,494271","68,5465187116","21,1475126789"
1995-05-10,"84,179205","55,1036349644","25,0097507776"
1995-05-11,"58,750251","54,9490635303","28,7644133531"
1995-05-12,"77,542410","72,6539238302","29,3572723015"
1995-05-13,"80,781797","63,2638787379","26,4875290255"
1995-05-14,"67,617430","54,8223828648","28,9672847645"
1995-05-15,"68,480956","72,2103336312","29,4315496224"
1995-05-16,"69,465956","52,5052752624","24,0686154689"
1995-05-17,"46,836014","55,6432830918","26,3747701546"
1995-05-18,"41,362695","74,1244090773","23,6519437026"
1995-05-19,"14,468341","71,1365947614","20,8820319441"
1995-05-20,"58,517587","55,7604138957","23,1565184122"
1995-05-21,"87,296273","57,1412930541","22,7488332626"
1995-05-22,"92,444763","54,8190053732","21,5246598696"
1995-05-23,"62,632577","61,4747845736","27,8402617465"
1995-05-24,"90,156028","55,0400875614","26,7911654459"
1995-05-25,"50,406738","72,0006418773","29,6957067847"
1995-05-26,"83,639700","50,9631957161","24,7184866298"
1995-05-27,"78,187382","66,4736420060","24,2989633837"
1995-05-28,"56,149833","66,1279792280","20,1025661538"
1995-05-29,"57,552015","79,2420318629","20,2317017890"
1995-05-30,"48,080684","79,7132940506","29,9179232220"
1995-05-31,"10,474520","71,3571770911","21,8053647810"
1995-06-01,"5,411448","68,1328616779","16,2702504425"
1995-06-02,"10,059211","57,2652012552","23,4201346556"
1995-06-03,"14,699441","48,1092875997","24,3199510125"
1995-06-04,"47,332790","58,5867795569","22,8609724410"
1995-06-05,"29,356750","58,6149736456","21,8117668002"
1995-06-06,"45,244258","46,7379562350","19,0634401168"
1995-06-07,"38,402039","56,0993600140","21,5152837778"
1995-06-08,"45,911738","60,6425934173","17,5570103657"
1995-06-09,"46,571241","42,1302735431","19,2678660939"
1995-06-10,"29,876004","43,6188868607","22,8272373627"
1995-06-11,"7,994924","41,0543237941","24,3040607409"
1995-06-12,"6,894854","67,6075547641","22,7468671518"
1995-06-13,"29,255627","67,0200703279","23,2806041509"
1995-06-14,"25,796130","66,3290713240","24,8433759466"
1995-06-15,"6,780904","50,8780006622","18,7998835773"
1995-06-16,"48,611721","66,5100541925","24,3471692332"
1995-06-17,"43,978929","49,1320678167","24,1303499592"
1995-06-18,"44,574052","58,3213101327","14,8686603208"
1995-06-19,"31,589975","50,8996900442","16,0057385603"
1995-06-20,indisponivel,"47,2112306741","18,2034847371"
1995-06-21,"6,915180","62,9122615832","17,1189954688"
1995-06-22,"14,505177","51,4816831193","15,1093397129"
1995-06-23,"43,563219","40,0413886145","16,3190981677"
1995-06-24,"10,646352","63,3178954781","18,8698857075"
1995-06-25,"42,582500","64,6795666975","23,2384583234"
1995-06-26,"37,491346","54,1250230365","22,2696070075"
1995-06-27,"11,262607","59,3729892085","24,2868678688"
1995-06-28,"38,704293","49,6024962764","17,2508659550"
1995-06-29,"41,185287","43,1718681872","18,2510584391"
1995-06-30,"32,229046","68,1559031336","19,0305949949"
1995-07-01,"16,789892","64,6277792520","19,3004265098"
1995-07-02,"41,439250","41,4475000045","17,8935651692"
1995-07-03,"45,398635","65,7503458578","19,5738703840"
1995-07-04,"19,489562","65,9570228916","17,9771769398"
1995-07-05,"43,655585","44,1108049603","18,5625020558"
1995-07-06,"4,819401","49,7587725834","22,4269241095"
1995-07-07,"44,863276","52,2139463135","21,5665761990"
1995-07-08,"24,243780","55,2599373832","14,9144330451"
1995-07-09,"39,350668","57,8256298449","22,2013161851"
1995-07-10,"42,266648","67,3020078566","14,5013692530"
1995-07-11,"29,383004","61,0327250485","23,5905970994"
1995-07-12,"39,135901","69,0297122339","24,2468907566"
1995-07-13,"48,428275","51,6926638826","14,1976271008"
1995-07-14,"0,907604","44,2678589965","22,9147675408"
1995-07-15,"45,518338","54,8967189345","14,9418614990"
1995-07-16,"38,711229","68,8934744933","19,5879670332"
1995-07-17,"42,118011","42,1256026961","16,0647252566"
1995-07-18,"5,878772","40,8624622969","20,5922211070"
1995-07-19,"43,944153","60,7434561454","21,8666959343"
1995-07-20,"29,559763","44,4658708965","24,2423184506"
1995-07-21,"7,051405","51,3514437935","20,2672752763"
1995-07-22,"42,400415","41,0000029304","23,0549734230"
1995-07-23,"38,731637","65,7057667897","15,6108564361"
1995-07-24,"16,179304","46,2021765586","15,9677231214"
1995-07-25,"7,934603","54,6396600620","16,4689496035"
1995-07-26,"0,396533","66,9079626530","17,4116350447"
1995-07-27,"17,677393","68,2282536959","23,0531086325"
1995-07-28,"11,710768","50,3011318924","19,1081531799"
1995-07-29,"11,030269","56,9104993324","24,0927114314"
1995-07-30,"7,764821","51,0740677806","16,7331432867"
1995-07-31,"47,192713","65,5182645295","20,1193328997"
1995-08-01,"4,444283","59,8221244710","16,9970573284"
1995-08-02,"10,810253","47,6985265080","17,8321213503"
1995-08-03,"23,662763","47,6349575268","19,9927909331"
1995-08-04,"2,041138","69,4368550702","19,5023156991"
1995-08-05,"28,575603","44,6680007172","21,8661566317"
1995-08-06,"6,088126","40,0090922271","22,5845254880"
1995-08-07,"6,644351","53,7673512400","15,9201551456"
1995-08-08,"27,251032","63,2646968679","14,3111943341"
1995-08-09,"39,548376","64,1618820201","22,5239106341"
1995-08-10,"19,511761","49,2768122314","23,9026337646"
1995-08-11,"4,944113","60,8387652684","15,2791302011"
1995-08-12,"38,223734","59,1011537488","17,1693909670"
1995-08-13,"40,752055","61,0058734779","22,6898508670"
1995-08-14,"23,210524","53,4820993503","16,9171433017"
1995-08-15,"22,293854","55,1016969904","19,3231741853"
1995-08-16,"23,878620","41,9448583806","17,6060787287"
1995-08-17,"42,522619","55,9814516029","18,5372691691"
1995-08-18,"27,387258","59,8368000451","23,4386602228"
1995-08-19,"4,009962","62,1343530839","21,0830710636"
1995-08-20,"14,048000","62,5471021497","14,1870634039"
1995-08-21,"36,813703","66,3692608448","16,4701143844"
1995-08-22,"38,575686","54,8988035936","20,7165531575"
1995-08-23,"23,635587","45,5052408640","17,9980863220"
1995-08-24,"23,129602","64,3475963444","16,3121337712"
1995-08-25,"13,975495","55,9191973998",indisponivel
1995-08-26,"6,105529","52,2659743259","16,6937315646"
1995-08-27,"41,792250","59,0162736194","22,9066217199"
1995-08-28,"33,336044","49,7017200206","21,3992153984"
1995-08-29,"40,680391","43,4509050476","18,2909488985"
1995-08-30,"3,159512","44,7378448675","18,8992501848"
1995-08-31,"45,890609","58,7754195468","16,2743347999"
1995-09-01,"5,494704","67,8215377967","25,5515949114"
1995-09-02,"5,624336","66,1635064792","25,6835312309"
1995-09-03,"34,210083","43,5443063788","26,3798504255"
1995-09-04,"33,009316","51,8872723125","27,1977657399"
1995-09-05,"16,139816","65,7058143181","21,0928552467"
1995-09-06,"8,930024","48,8873930543","24,4266238202"
1995-09-07,"1,934609","47,4021075860","26,1149984595"
1995-09-08,"24,842227","64,9042382098","21,0113068855"
1995-09-09,"25,112872","50,4354334470","21,6076837481"
1995-09-10,"26,192141","41,5281958015","22,8069553899"
1995-09-11,"49,820319","43,3273020132","20,0965009191"
1995-09-12,"49,731983","62,6971671153",indisponivel
1995-09-13,"13,762324","67,8547869802","24,1366891190"
1995-09-14,"9,897036","66,6972347601","29,6718547231"
1995-09-15,"12,867594","56,2542758990","28,3963351700"
1995-09-16,"20,261365","45,3892035373","26,2680126237"
1995-09-17,"49,302978","48,9343663398","22,6605847740"
1995-09-18,"43,678801","68,7364575136","29,1449667101"
1995-09-19,"13,059939","40,7578873154","21,5444157419"
1995-09-20,"28,230309","59,1859833964","25,0643692133"
1995-09-21,"25,621366","53,4977242386","22,5189368229"
1995-09-22,"0,259576","43,8046734583","20,7181644472"
1995-09-23,"37,051918","60,2816509138","21,7219057693"
1995-09-24,"18,240297","43,4753583545","28,0783453379"
1995-09-25,"47,188284","59,7647428166","29,1531081899"
1995-09-26,"27,254722","69,5319471124","24,9168063972"
1995-09-27,"3,236132","66,7087670444","28,1976227166"
1995-09-28,"48,181060","51,3489678072","22,4725593631"
1995-09-29,"25,676286","62,5859601205","23,6931054172"
1995-09-30,"3,326401","59,4631780902","26,6050311606"
1995-10-01,"61,610070","64,9168643654","25,2946384379"
1995-10-02,"63,453889","68,2561686506","23,1301320661"
1995-10-03,"67,953862","51,1912136080","28,1012292466"
1995-10-04,"74,817243","59,2077380227","20,8302208443"
1995-10-05,"24,170090","77,6864582387","26,8927275558"
1995-10-06,"65,709948","76,7883396939","27,2885586274"
1995-10-07,"65,084163","62,6483013820","20,7021393392"
1995-10-08,"29,575096","78,1195610179","26,8657492230"
1995-10-09,"65,960099","64,7336709660","23,9472740796"
1995-10-10,"52,148539","58,7795142673","25,8197005194"
1995-10-11,"33,777014","70,4885448556","27,3533669236"
1995-10-12,"98,088194","77,9341827159","29,2565336391"
1995-10-13,"72,177136","62,2615134337","23,3208523898"
1995-10-14,"89,123311","72,0779559985","23,8983327758"
1995-10-15,"24,756162","57,0525176212","23,2546624062"
1995-10-16,"44,110250","71,6190347641","21,9729501240"
1995-10-17,"29,366070","62,5077364941","25,0727273390"
1995-10-18,"65,574102","57,3910419756","21,9415663964"
1995-10-19,"62,633447","56,5003576962","25,9099860427"
1995-10-20,"62,161946","50,0972671244","28,2019782365"
1995-10-21,"22,152883","76,5738847043","25,0152192465"
1995-10-22,"23,599055","53,5884352045","24,6778668644"
1995-10-23,"97,036456","60,8557368081","22,8309855166"
1995-10-24,"46,668351","66,2334759745","25,8416551919"
1995-10-25,"59,887160","73,2886161873","22,5397692059"
1995-10-26,"82,279572","60,7403121424","21,2567165710"
1995-10-27,"89,142675","72,1368334364","24,1055596892"
1995-10-28,"94,379872","53,8127894998","28,6756868086"
1995-10-29,"29,864664","56,7881565108","22,6254275928"
1995-10-30,"79,861126","58,3499170684","24,6713471911"
1995-10-31,"24,421393","73,5283324939","22,5326741298"
1995-11-01,"60,780306","69,9273422068","20,5516056896"
1995-11-02,"37,229815","70,0810318024","26,8089893672"
1995-11-03,"63,256563","73,2215546086","25,5225884784"
1995-11-04,"68,858590","79,5979883153","27,3836267401"
1995-11-05,"26,722239","59,9532470743","28,5335783743"
1995-11-06,"14,983635","66,4754581779","22,6571114613"
1995-11-07,"18,915303","56,8802779626","23,9189264802"
1995-11-08,"48,457215","78,1779960500","27,8839451211"
1995-11-09,"60,787786","51,3098103992","21,7638086714"
1995-11-10,"70,471684","59,7669744817","20,3459092814"
1995-11-11,"32,434600","59,0298311621","27,6191779434"
1995-11-12,"91,931588","64,3744578352","29,7106117732"
1995-11-13,"90,490962","60,5407383101","24,7772625876"
1995-11-14,"81,030516","51,9282483401","29,8819010036"
1995-11-15,"68,584748","77,8825808711","23,7951229974"
1995-11-16,"56,950514","60,2362426604","26,0958184809"
1995-11-17,"47,307189","70,9188397955","23,8452347843"
1995-11-18,"85,219528","57,8506616040","24,4004999526"
1995-11-19,"58,937894","67,0618730178","29,8045351351"
1995-11-20,"45,496726","79,7804180430","22,1723439613"
1995-11-21,"74,916107","57,0983886790","26,9772692201"
1995-11-22,"79,382389",indisponivel,"24,9522668130"
1995-11-23,"61,770683","60,5085283653","26,2687915595"
1995-11-24,"88,844125","79,7823247916","20,6879490677"
1995-11-25,"33,777951","70,5444882403","26,5815414049"
1995-11-26,"17,670631","58,0887658889","25,8065989138"
1995-11-27,"92,993152","57,7024813770","23,5224725366"
1995-11-28,"82,148350","56,4990137402","26,5364396538"
1995-11-29,"62,904727","79,1497156960","26,2947741984"
1995-11-30,"10,535316","64,9404149013","27,1734927132"
1995-12-01,"205,193695","85,2507885634","33,0655681507"
1995-12-02,"216,944875","66,4645663309","33,3415431746"
1995-12-03,"186,745333","66,8771435831","32,5125499133"
1995-12-04,"119,252199","89,6337917600","32,9351385029"
1995-12-05,"270,375202","94,4577082382","28,4330456191"
1995-12-06,"155,237421","94,9623071171","25,5091832706"
1995-12-07,"249,746217","65,9428155115","32,0987935516"
1995-12-08,"262,043455","69,0649514352","34,6105707512"
1995-12-09,"237,766779","67,1688855614","35,3796742090"
1995-12-10,"67,240752","77,4017048381","30,6569189560"
1995-12-11,"125,010375","67,3951600685","35,9072406600"
1995-12-12,"233,747423","74,6231105358","37,5403957558"
1995-12-13,"186,393215","81,8835189391","36,0192536834"
1995-12-14,"178,913593","93,8109240203","28,2050478500"
1995-12-15,"265,156913","86,4705769924","31,4604870469"
1995-12-16,"91,163786","75,3703453447","32,9125712854"
1995-12-17,"156,097103","75,1805256520","26,8074622056"
1995-12-18,"137,106915","91,1030079254","27,9338929838"
1995-12-19,"159,534364","60,8022608488","35,6366684782"
1995-12-20,"78,864107","72,6231182061","26,0257086563"
1995-12-21,"268,078184","75,9893501892","31,9745391392"
1995-12-22,"99,108973","70,0514473887","37,5483500930"
1995-12-23,"288,281174","87,3869294895","33,5677587977"
1995-12-24,"238,917694","68,2982729198","26,2708977428"
1995-12-25,"160,619269","85,7415288181","33,2931281665"
1995-12-26,"279,885164","89,7992656804","26,3392543341"
1995-12-27,"211,520248","80,6772371117","35,1587737241"
1995-12-28,"241,205196","63,2366183175","27,8000758710"
1995-12-29,"148,139946","71,3890737867","28,9484454453"
1995-12-30,"121,620699","70,6194407043","26,6941216086"
1995-12-31,"77,578468","67,7544577185","33,5172621447"
1996-01-01,"190,478277","68,9220128025","27,6578927255"
1996-01-02,"188,359743","92,6041796598","34,0749144578"
1996-01-03,"161,893950","84,2702238182","26,2413079323"
1996-01-04,"188,303437","78,0321411807","33,3946144733"
1996-01-05,"215,003382","81,9288314482","37,1160790172"
1996-01-06,"118,152392","86,3596571028","25,6584852942"
1996-01-07,"125,521064","72,8557163996","35,9890016149"
1996-01-08,"99,030670","73,4105172674","34,2699247228"
1996-01-09,"277,924842","80,0405786982","26,9630075184"
1996-01-10,"248,616783","88,1507015375","32,6670906774"
1996-01-11,"54,381427","71,0412364168","33,9222117076"
1996-01-12,"57,482761","86,1622088192","32,4561776478"
1996-01-13,"52,993319","80,3976520371","35,7589721195"
1996-01-14,"81,558436","92,5241501597","34,4545536944"
1996-01-15,"68,594950","94,0835634353","36,6081449862"
1996-01-16,"65,586350","79,1956360057","34,5022090488"
1996-01-17,"215,139646","79,3839718543","36,1996007993"
1996-01-18,"107,616171","75,3007259802","25,8066912685"
1996-01-19,"233,195120","78,3446901971","33,9731096693"
1996-01-20,"280,343842","94,1030714784","30,3849509619"
1996-01-21,"242,238527","66,6331648315","26,4186238331"
1996-01-22,"184,205782","63,0804801445","33,8264605540"
1996-01-23,"200,222342","87,7199774841","33,5591571586"
1996-01-24,"165,467088","72,7801844310","32,6383676932"
1996-01-25,"257,771774","85,3516712492","34,0325749814"
1996-01-26,"86,951150","77,5661346496","34,4513989545"
1996-01-27,"156,243340","82,7673460821","26,8606327680"
1996-01-28,"109,698052","70,8678092592","26,9391434067"
1996-01-29,"83,689611","68,2956441661","33,5854148743"
1996-01-30,"91,410341","64,7255266980","29,6701915892"
1996-01-31,"204,589315","68,7272018742","31,8273846985"
1996-02-01,"295,933049","79,5982289814","32,3545314975"
1996-02-02,"52,724855","88,3214775063","34,6395222977"
1996-02-03,"67,808025","79,1503060941","37,2873411619"
1996-02-04,"142,044333","69,0261061811","31,3061903226"
1996-02-05,"247,507522","91,8878821083","37,9035627184"
1996-02-06,"200,889897","86,0267627408","31,6990416622"
1996-02-07,"68,177726","80,2237217017","35,7728736313"
1996-02-08,"216,995254","81,6528962739","25,0336938695"
1996-02-09,"212,689254","81,8417305650","33,4486628532"
1996-02-10,"142,832365","68,7564692020","32,4497486369"
1996-02-11,"190,809828","76,1697565511","31,4476184085"
1996-02-12,"91,588088","87,7674048337","26,8911139630"
1996-02-13,"233,164723","66,7013597098","25,4994720045"
1996-02-14,"242,435324","70,7728106563","34,4761141069"
1996-02-15,"234,230481",,"30,4450167788"
1996-02-16,"96,190792","84,7521176251","33,5148357927"
1996-02-17,"144,295127","65,1264833808","36,3055275514"
1996-02-18,"194,377194","67,3199221137","28,2394827912"
1996-02-19,"288,887878","66,8154973623","28,0220929019"
1996-02-20,"232,783299","82,3388406860","35,8170316780"
1996-02-21,"62,258788","67,8453558720","35,9946211230"
1996-02-22,"296,081555","68,1038779859","26,6387470173"
1996-02-23,"71,930131","91,1447755951","30,6584127989"
1996-02-24,"73,932444","83,4244236231","31,9752427959"
1996-02-25,"115,002184","67,9354219419","28,5406217376"
1996-02-26,"78,759665","91,3928545510","30,2738807999"
1996-02-27,"251,395307","67,0179274815","28,6751884462"
1996-02-28,"106,304462","69,1050425000","36,4617022637"
1996-02-29,"136,818473","88,9996050472","27,2707270840"
1996-03-01,"103,863449","86,8594220985","23,6097328532"
1996-03-02,"275,154440","78,7836748400","27,5912750867"
1996-03-03,"187,013052","94,5599798727","27,2371871094"
1996-03-04,"201,590485","61,7222755147","25,5174105042"
1996-03-05,"256,901016","73,7938631988","22,0780758741"
1996-03-06,"195,542313","82,6908650169","26,3888540075"
1996-03-07,"264,790560","72,7138675927","22,5893660763"
1996-03-08,"100,422573","81,1870857403","27,7761957479"
1996-03-09,"246,726555","67,5418352901","29,2703807683"
1996-03-10,"188,642888","62,0941167599","25,5763375066"
1996-03-11,"81,487557","61,7696110431","21,9211910665"
1996-03-12,"272,115733","94,7292722539","22,5937851791"
1996-03-13,"195,530250","63,6863803205","24,8836018228"
1996-03-14,"191,562975","94,6301709489","29,4332542948"
1996-03-15,"236,923686","88,0327810797","21,5160450832"
1996-03-16,"257,430082","84,1022782514","28,0481912086"
1996-03-17,"219,451217","67,0696867128","26,7716928108"
1996-03-18,"129,693414","72,8365652390","26,6318302028"
1996-03-19,"284,737670","78,1583532749","20,8251499417"
1996-03-20,"74,545070","92,3120991512","29,5279083279"
1996-03-21,"299,344689","88,5441885179","22,3330234804"
1996-03-22,"208,198974","67,4742683569","23,1385001843"
1996-03-23,"298,222303","77,2868176225","29,2105141639"
1996-03-24,"277,762586","65,6903031632","22,8858267278"
1996-03-25,"157,845507","78,3203472074","27,7147913845"
1996-03-26,"73,492763","86,9873133920","22,0309812648"
1996-03-27,"293,769606","91,5724093071","27,1648129819"
1996-03-28,"68,637715","71,8811960088","27,2387275029"
1996-03-29,"121,463032","84,7841766799","22,9645360556"
1996-03-30,"201,082789","76,0000902379","20,5806290824"
1996-03-31,"283,616463","91,2317347799","21,5904768031"
1996-04-01,"75,381331","63,3365163246","22,0399940125"
1996-04-02,"97,133764","71,6817180534","20,0363772515"
1996-04-03,"16,802760","73,7600072640","20,1006780044"
1996-04-04,"93,290935","57,1411086583","22,7600941456"
1996-04-05,"21,385405","65,6285966347","25,6921005829"
1996-04-06,"93,278522","67,6694270688","25,0064667621"
1996-04-07,"69,777109","57,8880046499","29,3285664517"
1996-04-08,"45,359883","75,5917269330","23,6660987755"
1996-04-09,"99,244319","77,7424151949","26,8657243348"
1996-04-10,"20,541197","62,8436355422","28,1082711941"
1996-04-11,"64,430903","75,0623856499","26,2596051251"
1996-04-12,"37,851316","58,9707185674","21,6207650569"
1996-04-13,"10,413610","78,6163136577","26,6480256966"
1996-04-14,"30,064890","52,9571633174","26,0422237376"
1996-04-15,"71,840511","77,4637629974","26,5834432621"
1996-04-16,"13,361144","55,0442460297","23,2796264874"
1996-04-17,"35,749878","62,4456569795","25,4333237719"
1996-04-18,"19,975118","77,5894051768","29,0080566250"
1996-04-19,"61,776188","62,3652875081","25,8029008433"
1996-04-20,"38,420461","56,8532908974","26,8019012298"
1996-04-21,"74,378214","72,4219871002","23,1329587381"
1996-04-22,"14,832589","51,5655918294","27,9930565532"
1996-04-23,"53,869205","70,4523263480","29,8348157504"
1996-04-24,"50,051949","72,4288183406","22,9186529877"
1996-04-25,"84,280804","58,4442683200","25,3264151012"
1996-04-26,"50,955342","68,3008906540","21,2989421146"
1996-04-27,"96,508531","60,9194470417","25,9985044718"
1996-04-28,"75,196427","52,8181124168","26,6514861925"
1996-04-29,"83,784102","55,6859144846","21,3446031920"
1996-04-30,"49,890398","52,8241193828","24,9285622741"
1996-05-01,"28,217991","76,2837696377","28,5392236178"
1996-05-02,"89,498179","57,7445080069","29,8334119158"
1996-05-03,"95,411610","62,5088671714","21,4368215808"
1996-05-04,"22,008483","67,9478445171","26,2192803821"
1996-05-05,"33,816930","56,1930104492","25,5414062631"
1996-05-06,"98,897311","62,0672203723",
1996-05-07,"35,225756","64,8981004371","22,3922625020"
1996-05-08,"84,477792","79,1027577767","21,9888529801"
1996-05-09,"80,119609","77,1670326163","26,5059718897"
1996-05-10,"34,653536","65,4649714345","20,1967050370"
1996-05-11,"69,438414","57,7211524740","29,5450129301"
1996-05-12,"79,964527","71,7267550518","26,9306404541"
1996-05-13,"64,038491","72,4609674970","27,5492902497"
1996-05-14,"48,337003","68,6577614469","25,7534389175"
1996-05-15,"58,948358","64,7236486676","29,3953142073"
1996-05-16,"88,322441","53,4599832166","27,8275399031"
1996-05-17,"72,499676","58,9061865170","21,0964006449"
1996-05-18,"50,139668","69,6867826144","22,6031243214"
1996-05-19,"64,969931",indisponivel,"24,1837056451"
1996-05-20,"51,466716","72,8261247306","24,9007796492"
1996-05-21,"30,573921","73,4076293331","29,0330861150"
1996-05-22,"92,095406","76,7969773106","27,2985119700"
1996-05-23,"29,704095","76,9408548234","21,2085108236"
1996-05-24,"16,832862","65,1709801981","21,4507125789"
1996-05-25,"30,587638","56,0226561347","21,3725314591"
1996-05-26,"86,119867","63,7592515231","26,9887732901"
1996-05-27,"79,928469",,"21,2768515016"
1996-05-28,"26,705302","66,6759561076","25,9303290284"
1996-05-29,"89,427556","69,8389632662","26,2145612138"
1996-05-30,"46,343587","50,1376888174","20,8250628507"
1996-05-31,"17,863538","78,8297617665","23,2537402964"
1996-06-01,"25,657319","66,3418222469","14,8732843005"
1996-06-02,"26,607192","68,2181784774","14,7521176941"
1996-06-03,"18,090799","67,9250973632","16,9254885843"
1996-06-04,"10,564940","63,7357099960","14,6544542622"
1996-06-05,"20,717957","51,5474584852","24,2010800687"
1996-06-06,indisponivel,"49,7925151921","20,6878902340"
1996-06-07,"42,690715","45,1905979441","20,1973432494"
1996-06-08,"48,740219","45,4021709579","23,6816252014"
1996-06-09,"19,918694","41,6724916620","21,3887183168"
1996-06-10,"48,821734","48,0962143230","21,7904923225"
1996-06-11,"12,475774","50,5463121521","16,8704418656"
1996-06-12,"24,985493","69,5757545261","15,2319474078"
1996-06-13,"21,022008","60,2191026009","19,3501779191"
1996-06-14,"47,481042","67,4763125383","14,5554197140"
1996-06-15,"12,424926","66,2534299597","22,0314428759"
1996-06-16,"9,702422","50,4908907107","14,4224309641"
1996-06-17,"18,847976","45,4979533789","24,6820136815"
1996-06-18,"18,625216","67,3002787373","17,2286789150"
1996-06-19,"34,648278","58,9372551726","24,7928490659"
1996-06-20,"0,757164","64,5011250584","16,2782968581"
1996-06-21,"18,005158","67,9999109665","23,6567689560"
1996-06-22,"8,319734","50,8088765095","19,2587341118"
1996-06-23,"19,372935","68,4527153006","17,3063849167"
1996-06-24,"8,395906","65,0592400405","21,7485878098"
1996-06-25,"9,795895","65,9456662660","15,2785197982"
1996-06-26,"2,493848","51,0521404458","20,7858221310"
1996-06-27,"45,735499","47,2624569407","17,9461636359"
1996-06-28,"28,179003","62,8425711789","15,0243386546"
1996-06-29,"21,492461","59,9465967041","16,6143347425"
1996-06-30,"42,217344","64,0789640788","22,4693692481"
1996-07-01,"10,698480","55,6997179692","18,3349886260"
1996-07-02,"25,182350","59,4601842931","23,1177602084"
1996-07-03,"29,757240","44,9468586934","15,6739621653"
1996-07-04,"2,254082","52,1504131307","22,1049243895"
1996-07-05,indisponivel,"57,6437485753","17,1595158788"
1996-07-06,"12,200862","50,2404280327","23,1295101150"
1996-07-07,"39,711186","62,6530247623","20,8737738070"
1996-07-08,"4,100095","41,1669392213","19,2433601146"
1996-07-09,"47,245554","55,3911574953","24,5826740029"
1996-07-10,"34,565554","57,9241635252","20,7073277819"
1996-07-11,"10,954957","69,8352740912","18,6670912645"
1996-07-12,"11,370355","46,4260179748","14,9946153600"
1996-07-13,"8,810104","64,2052219346","21,4715202647"
1996-07-14,"41,430217","66,3692780468","18,7299684501"
1996-07-15,"24,772574","53,1417878381","21,6497795598"
1996-07-16,"9,309755","45,7332858831","21,4647592366"
1996-07-17,"28,548375","68,4666439984","18,7276235507"
1996-07-18,"46,690333","65,3601944255","14,1791143837"
1996-07-19,"33,978240","51,2950592829","22,6490526684"
1996-07-20,"15,136175","45,0899530203","20,9476698810"
1996-07-21,"9,789000","60,4793418343","21,9255349841"
1996-07-22,"15,213178","64,4972278335","24,9446750287"
1996-07-23,"41,893691","59,3251772441","21,9301642813"
1996-07-24,"29,235235","57,9589691742","20,6670541789"
1996-07-25,"44,620543","68,9572772214","14,2848294204"
1996-07-26,"10,197999","43,6690163259","14,3065977810"
1996-07-27,"36,396656","54,9018811981","21,1935966276"
1996-07-28,"40,164072","65,3229940743","17,5237833992"
1996-07-29,"3,266800","54,0360615769","19,1519264246"
1996-07-30,"14,158304","44,1239543727","22,3563135748"
1996-07-31,"48,832690","64,4120411950","20,2268386556"
1996-08-01,"36,854140","49,3471807131","16,1595770229"
1996-08-02,"23,386710","59,2747360669","24,4100988059"
1996-08-03,"5,808607","55,5538317893","22,0991961268"
1996-08-04,"2,553261","41,6843655802","15,2918437172"
1996-08-05,"39,268925","44,2643885385","19,7893362061"
1996-08-06,,"66,1539732433","19,0316880746"
1996-08-07,"31,302768","58,3386235578",indisponivel
1996-08-08,"35,164969","65,6872659822","15,0856876507"
1996-08-09,"1,327238","43,8815014159","18,0758074899"
1996-08-10,"12,761097","55,4763727164","19,0400432819"
1996-08-11,"0,472158","49,4313566825","14,0937109275"
1996-08-12,"19,430012","64,9694734867","23,3043194053"
1996-08-13,"4,965747","50,1975431763","22,5165258562"
1996-08-14,"40,516159","67,3972750814","19,2169471641"
1996-08-15,"23,614128","51,9941773323","15,4399498678"
1996-08-16,"3,144431","52,4336417709","23,0620498530"
1996-08-17,"2,710206","68,0031720952","22,9515112252"
1996-08-18,"9,482971","49,2084735057","15,1302649124"
1996-08-19,"20,263528","50,5647258027","20,3630940538"
1996-08-20,"14,017051","53,3155087501","19,0820824415"
1996-08-21,"39,352751","45,4356849424","15,9857391854"
1996-08-22,"40,652809","59,2272732000","18,1753906002"
1996-08-23,"49,678421","59,1282907456","22,2600824479"
1996-08-24,"25,717749","51,8215947962","17,0638586113"
1996-08-25,"42,253061","68,5752014852","18,9596442051"
1996-08-26,"10,449345","53,3663162938","18,6714656233"
1996-08-27,"48,615433","49,6164597339","18,0657179075"
1996-08-28,"42,546538","68,9969395665","16,1885932846"
1996-08-29,"6,666358","45,8873028891","18,9490214722"
1996-08-30,"33,630290","53,8399258107","24,9401334011"
1996-08-31,"2,825696","68,4359299700","18,3001557429"
1996-09-01,"29,804018","64,6596617383","28,0526286512"
1996-09-02,"37,547884","67,7838052228","23,8043261243"
1996-09-03,"24,389399","44,7084311012","25,6512153937"
1996-09-04,"22,919582","47,2817677959","24,3419897270"
1996-09-05,"26,869944","40,8934999925","24,1679749919"
1996-09-06,"0,488078","51,0510373252","24,4477945913"
1996-09-07,"12,795684","65,4307202592","27,7954593745"
1996-09-08,"27,440723","48,1131548465","28,6933734295"
1996-09-09,"39,139554","67,1885395911","21,6494275648"
1996-09-10,"21,051502","44,4128584865","28,3603639474"
1996-09-11,"26,316234","58,0659903275","22,1590023172"
1996-09-12,"39,359627",indisponivel,"29,8871285234"
1996-09-13,"14,938433","61,9588962482","22,5088142042"
1996-09-14,"43,848936","44,4319096164","23,2911183187"
1996-09-15,"43,306733","63,2862370113","21,2625451761"
1996-09-16,"11,462135","66,5554077116","25,1717325414"
1996-09-17,"22,359132","69,7275498546","25,7312092474"
1996-09-18,"16,916211","59,1717284442","23,8314218983"
1996-09-19,"22,685092","67,1941982071","22,1270023772"
1996-09-20,"23,768049","45,4015732856","29,3344172787"
1996-09-21,"21,374759","46,2295925515","24,4296594180"
1996-09-22,"28,701712","41,6288102551","25,0163220203"
1996-09-23,"8,621218","50,9877134273","27,0713813999"
1996-09-24,"1,158541","42,0870504109","25,8728575097"
1996-09-25,"31,006079","69,3511316273","24,4550650053"
1996-09-26,"0,811773","64,1119246646","23,8252130851"
1996-09-27,"11,057081","55,4776623326","21,3224737716"
1996-09-28,"21,313217","47,0776348041","28,9909328282"
1996-09-29,"0,821338","57,2212932840","26,6623401955"
1996-09-30,"14,641394","54,7427593822","21,5224631161"
1996-10-01,"64,268324","65,9973775092","21,3956704358"
1996-10-02,"26,647366","57,2380949624","20,1177647318"
1996-10-03,"84,136156","72,8901763781","23,2212854144"
1996-10-04,"79,355100","55,4273259214","28,3965642238"
1996-10-05,"65,762127","61,5206731376","28,1721878293"
1996-10-06,"55,275854","61,3510693831","20,9827614592"
1996-10-07,"72,511142","64,0850218973","26,5788181543"
1996-10-08,"66,821367","57,2804852115","23,8645799762"
1996-10-09,"58,771817","63,3473410918","24,0040754583"
1996-10-10,"36,131863","61,5203275706","26,4974914073"
1996-10-11,"89,792658","61,7085496882","27,4684150173"
1996-10-12,"32,985499","55,2533163738","24,4407671433"
1996-10-13,"75,928900","61,0529468761","21,9212965922"
1996-10-14,"88,333563","72,1732997001","27,7364747175"
1996-10-15,"75,042012","62,7731305683","24,2436251060"
1996-10-16,"46,424837","63,9113062772","28,2327412942"
1996-10-17,"64,690096","60,2939024866","26,6845818927"
1996-10-18,"36,182070","62,4697172857","28,4708330148"
1996-10-19,"46,845307","75,5756846465","22,3913130249"
1996-10-20,"50,277641","72,3238876993","28,5148313824"
1996-10-21,"91,602420","71,9025016129","20,3352556155"
1996-10-22,"60,944871","59,6352813150","21,2000638146"
1996-10-23,"12,263306","59,9240681885","28,4040102848"
1996-10-24,"30,142457","69,8752587127","23,1662976895"
1996-10-25,"57,433614","74,6296649545","26,9131294245"
1996-10-26,"27,288173","58,4489864994","20,8804934899"
1996-10-27,"84,629505","61,0885446228","22,5402442901"
1996-10-28,"51,303843","51,8218362137","20,1142305963"
1996-10-29,"25,482008","56,1797377840","29,0178693431"
1996-10-30,"91,554044","56,9084392610","29,8309085020"
1996-10-31,"65,496770","68,8585729256","25,1267656068"
1996-11-01,"38,777446","72,7380375982","28,3920936125"
1996-11-02,"72,254880","65,6724588673","27,8043873409"
1996-11-03,"69,997215","51,9061354804","22,7297283129"
1996-11-04,"76,976989","70,2565559095","23,3269273480"
1996-11-05,"16,318450","54,8969354785","28,8129930623"
1996-11-06,"54,452186","53,8766472837","22,6456016853"
1996-11-07,"37,501166","70,2127633049","28,4482302729"
1996-11-08,"25,550480","76,4884367145","22,5950174229"
1996-11-09,"26,303832","61,3130569983","25,3222994419"
1996-11-10,"30,451044","71,7776447970","29,2689547697"
1996-11-11,"12,447744","71,0397547029","23,1796196039"
1996-11-12,"89,316139","63,8390145490","25,8192239804"
1996-11-13,"63,348251","75,2202196925","20,5571877991"
1996-11-14,"94,017369","65,4061347348","22,1320469754"
1996-11-15,"47,339551","67,6857039851","27,1916670156"
1996-11-16,"28,075609","69,5313822461","29,5959710144"
1996-11-17,"11,559987","69,5554461026","21,4858029120"
1996-11-18,"21,905534","53,2734577788","20,8129579876"
1996-11-19,"18,115594","57,0711383880","27,0920326425"
1996-11-20,"63,807782","63,3686284313","24,5435824767"
1996-11-21,"73,409013","79,4715630451","20,0329867098"
1996-11-22,"25,905668","71,8479855899","25,1798808641"
1996-11-23,"33,741870","75,6842021046","20,7008715336"
1996-11-24,"61,665854","68,8653958204","28,9112961172"
1996-11-25,"42,693356","55,6304193057","28,5373798635"
1996-11-26,"87,494976","54,4728989425","26,1823907626"
1996-11-27,"23,351599","76,3313339099","21,9029183773"
1996-11-28,"49,109371","71,8920931573","21,9352603067"
1996-11-29,"58,211805","78,4559971093","20,4298119769"
1996-11-30,"67,637052","66,2101228454","23,1755441449"
1996-12-01,"126,020116","86,5956951520","33,7304863939"
1996-12-02,"244,465328","67,5766800617","32,3927762045"
1996-12-03,"68,689927","67,0290140199","37,5113204272"
1996-12-04,"281,967080","91,5917781162","30,1571694335"
1996-12-05,"79,420550","93,8173009745","30,3921586769"
1996-12-06,"269,775857","70,2157242525","36,0297722819"
1996-12-07,"97,481377","91,6153795810","26,0139050799"
1996-12-08,"76,201036","91,9539794139","37,7929644907"
1996-12-09,"253,699465","74,8371949579","25,9909168826"
1996-12-10,"222,113908","77,5975635267","29,7729117924"
1996-12-11,"261,039292","71,0701159280","25,9251184252"
1996-12-12,,"81,1779899643","32,8949217704"
1996-12-13,"121,546340","60,6519428501","29,4575750806"
1996-12-14,"270,359238","60,7822348042","26,8857622037"
1996-12-15,"222,599335","88,6491939683","35,8541172368"
1996-12-16,"220,998401","94,9855421354","35,3344126480"
1996-12-17,"174,426805","63,4097677500","37,7579922397"
1996-12-18,"227,554656","70,1509265770","28,1840632804"
1996-12-19,"126,282395","74,2386136378","25,3444626870"
1996-12-20,"122,125253","64,4428173697","31,0526080878"
1996-12-21,"207,291693","75,0629077742","30,8140517509"
1996-12-22,"120,648384","65,1985597851","31,4611588471"
1996-12-23,"291,826581","69,3952140167","33,8560201613"
1996-12-24,"78,146970","89,7870880341","25,1028078488"
1996-12-25,"291,803826","83,6189604004","26,0520858970"
1996-12-26,"112,777437","70,4288799709","36,2749046259"
1996-12-27,"276,558868","64,0574147878","27,4734940990"
1996-12-28,"292,446611","89,8080421748","34,6837827116"
1996-12-29,"158,079280","70,2792005649","32,2144664658"
1996-12-30,"68,078359","92,5974111989","31,0362996105"
1996-12-31,"285,008800","90,4542975507","29,1151072356"
1997-01-01,"98,306652","88,1898699405","34,6739326338"
1997-01-02,"258,614905","81,1586719940","37,0540124989"
1997-01-03,"297,482149","92,9854492696","28,6964152130"
1997-01-04,"140,486052","90,9676021057","28,7610546362"
1997-01-05,"113,293655","78,8641213535","32,6797016765"
1997-01-06,"87,754422","91,5009493925","36,1858730680"
1997-01-07,"290,640502","69,7839687415","33,6613928050"
1997-01-08,"209,620549","80,2864698554","32,9433190725"
1997-01-09,"152,915161","81,6342774229","35,4512337308"
1997-01-10,"145,129307","84,5855206998","31,3262714238"
1997-01-11,"75,544412","67,6850647009","31,7023219033"
1997-01-12,"173,274332","81,9541962203","27,1509965763"
1997-01-13,"200,898908","80,6691374727","33,3238568834"
1997-01-14,"182,227211","87,6707632200","34,7530746787"
1997-01-15,"252,748930","84,0690987578","30,3608071195"
1997-01-16,"123,771161","91,1380144988","28,9922964929"
1997-01-17,"137,522152","80,8037242321","29,8471737166"
1997-01-18,"166,288434","92,0263591694","30,1536847168"
1997-01-19,"291,951626","64,9641553319","32,7612714494"
1997-01-20,"239,630344","64,7733309254","34,8330914702"
1997-01-21,"228,245982","70,9831736326","36,3809838230"
1997-01-22,"158,931687","83,1595372739","27,9890755264"
1997-01-23,"54,374927","74,1453677222","36,2287793921"
1997-01-24,"63,336802","84,0517361419","37,5294706258"
1997-01-25,"209,340950","74,8772110363","33,0525181582"
1997-01-26,"213,757076","82,7537943606","32,5144249018"
1997-01-27,"285,043988","88,8746153216","35,4349132958"
1997-01-28,"271,569339","88,2304568255","34,8322204009"
1997-01-29,"270,173684","74,1452622778","27,5066671297"
1997-01-30,"100,889538","93,7274349760","25,8440812010"
1997-01-31,"166,312088","92,4478671656","26,3339877857"
1997-02-01,"298,958561","90,8079376276","36,7449887781"
1997-02-02,"148,827768","70,7125187023","27,8655481051"
1997-02-03,"69,096623","72,3305540782","25,8185068779"
1997-02-04,"219,767478","68,0581768739","35,0985858142"
1997-02-05,"259,600875","86,0792019010","29,0854015593"
1997-02-06,"62,470409","84,8631902140","34,0528688109"
1997-02-07,"147,284808","93,3408839547","30,6429517772"
1997-02-08,"83,314180","68,8303157266","32,3227433281"
1997-02-09,"195,972082","69,3453535996","37,0996001073"
1997-02-10,"139,723790","80,0763210721","29,0961146245"
1997-02-11,"241,569706","69,4174520340","28,7517093537"
1997-02-12,"191,477858","60,6980687021","29,1467869649"
1997-02-13,"178,840639","81,1444252357","37,1854161378"
1997-02-14,"283,698886","90,7142222215","30,1953311002"
1997-02-15,"197,612926","73,5089508198","34,9695481625"
1997-02-16,"287,195358","92,2361759300","31,4458058221"
1997-02-17,"268,622232","69,6186106808","37,9397764394"
1997-02-18,"256,232754","85,6354783739","25,4754703293"
1997-02-19,"171,819368","71,1530026032","33,5809538372"
1997-02-20,"296,360970","80,6416578223","37,3814622215"
1997-02-21,"242,408700","75,1336365009","30,7219641123"
1997-02-22,"107,181135","92,4806995332","28,3094968745"
1997-02-23,"50,360131","63,6234993681","35,3969030818"
1997-02-24,"62,742358","79,2346402893","27,9337247345"
1997-02-25,"84,416433","78,5802289837","33,2224435180"
1997-02-26,"217,990814","60,8436893989","31,0260268988"
1997-02-27,"138,286180","89,2863631310","35,2813137758"
1997-02-28,"284,603916","66,2266837127","33,7086216526"
1997-03-01,"294,631595","87,0392785566","29,0651800865"
1997-03-02,"212,818849","75,4085039804","27,7544428470"
1997-03-03,"299,769304","94,2095027471","21,3447163172"
1997-03-04,"252,164939","92,8703478685","27,5512623062"
1997-03-05,"176,680255","66,3498442292","21,1102792075"
1997-03-06,"65,723677","70,5381253958","29,9603821163"
1997-03-07,"238,684397","72,6576404646","21,9422907838"
1997-03-08,"78,685623","78,2877325136","21,6064600056"
1997-03-09,"92,109076","77,1852625986","24,3194130143"
1997-03-10,"263,295458","67,1978645316","21,2992840505"
1997-03-11,"132,282552","86,6671410969","21,3246233612"
1997-03-12,"275,856020","77,4704406406","24,4623854591"
1997-03-13,"108,151444","91,2913757052","22,4070826388"
1997-03-14,"282,952812","63,5574150560","20,2346477664"
1997-03-15,"172,823020","87,7343120240","29,7721076551"
1997-03-16,"174,126355","91,1124662071","27,7566543885"
1997-03-17,"181,445654","73,6295284888","24,2876857097"
1997-03-18,"133,150062","80,6914634347","29,2411194710"
1997-03-19,"248,132286","69,1163017086","27,8289087633"
1997-03-20,"198,727198","94,8854633076","28,4874152245"
1997-03-21,"157,709140","89,0621432161","20,3649093313"
1997-03-22,"130,069059","66,8237502309","29,0617629996"
1997-03-23,"234,261825","85,2675470289","29,4234538489"
1997-03-24,"78,924722","72,7248061910","25,6492308807"
1997-03-25,"271,517480","94,5663923836","23,7042549543"
1997-03-26,"53,273370","64,2368956958","28,4332076223"
1997-03-27,"82,842182","81,4875827691","24,5469970239"
1997-03-28,"91,696811","78,2877764088","28,9362967030"
1997-03-29,"89,016114","68,1233584877","29,3402508929"
1997-03-30,"173,045220","75,5811213733","20,4416717572"
1997-03-31,"119,252166","85,4313152848","20,1385907944"
1997-04-01,"84,065707","72,7281366191","28,5003260489"
1997-04-02,"98,779152","62,5479692716","25,0595481751"
1997-04-03,"72,743018","55,3262771964","20,2537542262"
1997-04-04,"97,954929","74,1480134903","21,5348138675"
1997-04-05,"80,308459","66,4503902940","21,1050903364"
1997-04-06,"57,259190","76,5492614151","23,7374970639"
1997-04-07,"69,311058","63,7313840823","27,4248472834"
1997-04-08,"15,724527","59,3252881760","28,4099410565"
1997-04-09,"88,633333","71,6203940957","26,5798381778"
1997-04-10,"68,334250","74,0127204434","25,3405308159"
1997-04-11,"50,427144","66,7321517847","29,5233065551"
1997-04-12,"37,290585","66,5770378042","28,9554952469"
1997-04-13,"10,513090","69,5394464184","24,1238101195"
1997-04-14,"59,357524","62,5113737483","29,4653862721"
1997-04-15,"24,258459","60,6433009882","29,3752405930"
1997-04-16,"82,511701","71,8472975553","27,4269548719"
1997-04-17,"23,932379","76,0290743968","29,0573877628"
1997-04-18,"95,790012","60,7694847183","24,1756917550"
1997-04-19,"13,179986","57,3380579779","20,0199083096"
1997-04-20,"41,779566","60,2731222316","22,7692095464"
1997-04-21,"26,811285","56,7912022173","21,1879058210"
1997-04-22,"74,276135","74,8502284038","22,6571906379"
1997-04-23,"40,164896","51,6491962654","22,5377956731"
1997-04-24,"97,999540","78,2083746988","25,6770080300"
1997-04-25,"44,305461","68,9261721099","23,2025339451"
1997-04-26,"99,477691","59,5894711708","29,9966295275"
1997-04-27,"87,389871","54,9629437217","21,3732075613"
1997-04-28,"57,127699","66,8669964807","22,1031909677"
1997-04-29,"52,673026","71,8778287945","27,5092234130"
1997-04-30,"88,836673","57,9622648320","23,5884368314"
1997-05-01,"28,341037","54,2001712365","24,2075000087"
1997-05-02,,"59,8485988100","29,5887355302"
1997-05-03,"62,944266","65,8391975916","27,7541229367"
1997-05-04,"92,348189","72,1499256527","26,2579959157"
1997-05-05,"67,399780","61,8162672340","20,7484769402"
1997-05-06,"94,331249","69,7241480590","20,4061665412"
1997-05-07,"39,710725","69,8924065685","24,8516268391"
1997-05-08,"43,335956","53,4576642614","29,8940608350"
1997-05-09,"21,892334","79,6607284284","25,0619521679"
1997-05-10,"45,840544","53,2020931484",
1997-05-11,"77,763601","53,0988099472","20,5664544283"
1997-05-12,"43,568184","65,9652959342","24,6534941354"
1997-05-13,"26,618880","67,7419288975","22,7605577109"
1997-05-14,"44,217188","69,7831242921","25,4719094201"
1997-05-15,"89,846165","61,3729531688","24,5014553043"
1997-05-16,"24,161245","60,7902953194","29,4374114986"
1997-05-17,"73,716037","76,5290029474","22,1317760200"
1997-05-18,"32,216073","55,8526804978","23,5337048289"
1997-05-19,"15,624213","73,0324048464","23,8917150593"
1997-05-20,"48,137896","64,0460477544","20,9681246070"
1997-05-21,"23,839297","67,8046196558","21,7147037895"
1997-05-22,"83,823423","61,7846094507","26,2253037619"
1997-05-23,"61,070726","68,1589690890","20,6085505661"
1997-05-24,"69,395556","56,5869864183","27,0289108921"
1997-05-25,"37,176982","66,0237721479","27,9926180532"
1997-05-26,"13,516288","62,6445256240","27,7158275169"
1997-05-27,"35,808895","79,4119076368","28,9815293851"
1997-05-28,"36,321621","69,2954986167","23,2897925765"
1997-05-29,"47,242570","55,5343397538","20,0490068492"
1997-05-30,"87,975899","61,3034593085","22,7640204954"
1997-05-31,"55,791231","56,5569845009","29,2649469087"
1997-06-01,"45,531672","61,8491029029","18,9181474819"
1997-06-02,"47,808612","61,3948672305","23,3964372894"
1997-06-03,"46,242877","41,9005824640","22,0409209868"
1997-06-04,"22,770641","60,7976923090","16,2044210018"
1997-06-05,"38,231880","47,8000901528","22,8653805846"
1997-06-06,"27,231618","67,5485266603","15,2223315652"
1997-06-07,"3,537314","40,9161710032","20,8074722152"
1997-06-08,"45,525078","51,5424523956","16,7842827380"
1997-06-09,"2,284071","56,0731046571","19,0047219114"
1997-06-10,"10,812370","59,8144226981","15,6089847260"
1997-06-11,"7,152971","40,9952284440","21,0236232970"
1997-06-12,"12,384702","46,2338908705","21,2669917196"
1997-06-13,"41,329732","54,4400512779","20,5577968429"
1997-06-14,"9,061933","55,9896049083","24,1422082868"
1997-06-15,"16,333222","47,4242645452","14,6475693698"
1997-06-16,"38,698005","58,6261521862","21,4613955690"
1997-06-17,"20,689205","57,7419705557","20,2339833767"
1997-06-18,"15,682694","42,3759919904","19,5221256753"
1997-06-19,"7,709081","48,6437631954","23,5812282209"
1997-06-20,"0,506369","67,0034577873","20,9939423194"
1997-06-21,"44,550847","54,0554786569","14,5678183840"
1997-06-22,"42,312540","54,5763298710","23,4620166056"
1997-06-23,"10,054977","60,0322648484","15,2310728605"
1997-06-24,"28,101566","55,3372166660","20,0581634340"
1997-06-25,"2,321127","56,8346311499","16,4208950584"
1997-06-26,"17,710672","62,2445314110","20,1039352679"
1997-06-27,"34,236135","65,4796708117","24,0297142891"
1997-06-28,"48,185904","65,1291343011","16,3803311119"
1997-06-29,"26,537278","56,4408579303","20,0305690557"
1997-06-30,"22,259628","43,8293285472","22,4061027109"
1997-07-01,"5,438584","62,7202785382","18,7732571280"
1997-07-02,"26,618764","67,2523940237","21,7034764284"
1997-07-03,"41,752541","41,9696919764","14,6369947838"
1997-07-04,"15,495310","65,0816100852","17,8469039663"
1997-07-05,"32,342589","41,8393513569","15,8886354147"
1997-07-06,"48,075231","58,2201984007","18,2066173931"
1997-07-07,"6,922967","59,3731082477","22,6692113191"
1997-07-08,"25,080154","54,1341557048","17,8219043016"
1997-07-09,"5,888329","61,7713154397","15,5865503255"
1997-07-10,"1,025955","66,8189967231",
1997-07-11,"14,201121","47,9311613603","14,7304369193"
1997-07-12,"23,328088","69,4737120140","19,6887729389"
1997-07-13,"35,055073","55,5904337165","24,3946600074"
1997-07-14,"7,779039","51,1177790508","14,3542408862"
1997-07-15,"2,689448","60,0491985736","22,0042606300"
1997-07-16,"2,288739","57,2658087870","16,1433680295"
1997-07-17,"11,387430","41,4956414396","19,4995489304"
1997-07-18,"7,623457","59,5053004076","16,3497352661"
1997-07-19,"44,983126","53,6908727391","16,9630633732"
1997-07-20,"12,102349","47,1457509273","21,3354766513"
1997-07-21,"8,298767","57,6871711836","23,5328224407"
1997-07-22,"14,427221","65,9040327965","16,4021352304"
1997-07-23,"9,396875","62,0756721954","24,0586205263"
1997-07-24,"6,646784","57,3116431419","19,7079457641"
1997-07-25,"14,247488","57,9917469589","16,9509318086"
1997-07-26,"45,228920",,"23,7143888559"
1997-07-27,"45,124510","48,5126290122","23,4096365770"
1997-07-28,"21,652815","54,2573345714","21,4273566220"
1997-07-29,"34,398834","63,0511495984","16,2739664171"
1997-07-30,"13,080485","63,4148346667","23,4791742149"
1997-07-31,"30,872636","52,0117941445",indisponivel
1997-08-01,"16,767876","58,6040137388","14,1652710096"
1997-08-02,"35,525220","52,1125540245","15,1050353234"
1997-08-03,"23,830614","52,7283383799","23,8856476053"
1997-08-04,"8,700313","44,4494758359","16,3962142047"
1997-08-05,"40,401116","50,0861340649","14,6162906029"
1997-08-06,"29,494880","67,5232304947","17,6611025453"
1997-08-07,"46,584786","50,3880190618","19,2032937996"
1997-08-08,"30,568422","58,2150588006","20,5266936074"
1997-08-09,"46,296467","62,7322083041","14,5012982155"
1997-08-10,"11,310137","50,7539232181","19,8027328507"
1997-08-11,"49,671077","43,4539184253","14,2224738425"
1997-08-12,"34,654719","44,6585355750","16,3999825664"
1997-08-13,"25,725642","66,2273419040","21,9464577343"
1997-08-14,"4,474454","58,7580990749","18,6345472372"
1997-08-15,"41,566261","49,6467404854","17,8210337675"
1997-08-16,"46,434024","67,3991871366","22,7929823742"
1997-08-17,"41,512313","40,9756664592","21,3125275246"
1997-08-18,"22,293216","61,0197872370","16,7114734189"
1997-08-19,"44,759469","47,6869463450","15,3257719466"
1997-08-20,"0,298767","48,1339623782","15,6691327944"
1997-08-21,"10,241698","57,6590838421","24,0720881491"
1997-08-22,"30,020038","43,2789716009","21,5082006673"
1997-08-23,"18,169405","40,1968162283","21,6983648746"
1997-08-24,"37,999997","47,1618072722","22,8110448408"
1997-08-25,"33,926289","49,7674469345","14,8946372836"
1997-08-26,"49,234588","46,7340813220","24,2856293731"
1997-08-27,"34,647621","61,2008914342","18,5690248846"
1997-08-28,"6,478332","63,3937902567","16,2319538861"
1997-08-29,"20,355543","54,3563248019","14,2835525972"
1997-08-30,"36,221716","65,3006304062","16,4296321186"
1997-08-31,"31,658439","45,4796226488","14,5821723757"
1997-09-01,"28,139924","68,9541459888","26,0308098502"
1997-09-02,"25,836355","65,4907257704","21,4249115044"
1997-09-03,"26,338432","52,5388525658","22,5087639899"
1997-09-04,"41,663763","48,1290056797","22,2626546320"
1997-09-05,"28,373922","42,9290486815","21,2579532078"
1997-09-06,"44,601515","50,1862594263","27,1313807871"
1997-09-07,"37,490800","55,3074870029","27,2174760699"
1997-09-08,"24,166014","53,6356121882","29,4410287864"
1997-09-09,"11,106728","40,5865129574","26,7799265413"
1997-09-10,"42,686295","63,2905949863","26,3766219297"
1997-09-11,"37,429092","62,9154090479","21,1991186391"
1997-09-12,"1,621003","62,7682303762","26,7587529524"
1997-09-13,"36,038503","49,7713283569","24,7717411791"
1997-09-14,"10,767375","54,9311549819","24,7613299121"
1997-09-15,"36,540997","52,4885301033","25,1701917274"
1997-09-16,"1,804927","64,2499481455","28,4206256815"
1997-09-17,"47,149979","42,6662071068","20,6504788665"
1997-09-18,"24,662103","46,6156425217","28,8493213741"
1997-09-19,"41,117340","58,9288120107","27,3320842700"
1997-09-20,"34,978384","66,2341049616","24,8073622496"
1997-09-21,"2,524509","44,8981516353","22,0845775534"
1997-09-22,"8,745071","64,7126462821","24,9321797960"
1997-09-23,"45,982571","50,6132252480","26,2703567421"
1997-09-24,"20,912805","45,4726410541","23,9014356751"
1997-09-25,"17,789558","56,7453934389","25,2259029254"
1997-09-26,"1,637917","58,8012922979","21,3110451078"
1997-09-27,"25,666452","53,6832136311","23,4909383071"
1997-09-28,"24,459193","62,8407265436","26,2574900616"
1997-09-29,"21,645186","51,5611786257","28,6536101335"
1997-09-30,"20,142775","67,4743938746","29,8998175322"
1997-10-01,"78,474421","56,9439647393",
1997-10-02,"35,508628","69,6170509179","24,4171322335"
1997-10-03,"76,940372","77,7972945960","24,1559610846"
1997-10-04,"40,451316","56,2391469737","23,3694357460"
1997-10-05,"55,018759","63,4209293660","20,7259058863"
1997-10-06,"38,930278","56,5540992291","22,0048479838"
1997-10-07,"41,159622","65,0088511704","22,4685229221"
1997-10-08,"96,242082","65,4617534630","28,8918587017"
1997-10-09,"90,757927","77,9815923377",indisponivel
1997-10-10,"81,266786","50,9674105720","20,2696086862"
1997-10-11,"70,705932","65,8092697334","21,3294862840"
1997-10-12,"90,641239","64,3462233835","27,0891694158"
1997-10-13,"64,332337","58,2714847070","29,9450181579"
1997-10-14,"19,870099","63,0751529533","21,5905861328"
1997-10-15,"84,434904","66,9231646639","29,1373324999"
1997-10-16,"27,595798","53,4686005875","25,4224284710"
1997-10-17,"24,560255","74,5837092752","23,7635316097"
1997-10-18,"31,562170","54,8184526947","21,5644590896"
1997-10-19,"94,864497","65,3791140319","28,2664287809"
1997-10-20,"46,271418","54,7000216148","21,3976421838"
1997-10-21,"95,480571","69,9427718857","22,6816581169"
1997-10-22,"65,912844","62,5133640836","29,6944276825"
1997-10-23,"73,494651","79,0608131657","27,9741222510"
1997-10-24,"29,907444","76,8638205573","27,7718476226"
1997-10-25,"59,417023","72,5906238175","27,6789894320"
1997-10-26,"98,428410","73,9016512069","24,4255384425"
1997-10-27,"63,868092","77,0447662656","26,4373833292"
1997-10-28,"98,107580","65,3879576770","27,5178673676"
1997-10-29,"78,254615","74,7090523877","25,2155789244"
1997-10-30,"54,715271","71,0256084240","29,0169380452"
1997-10-31,"52,861509","58,5511840848","27,5878732093"
1997-11-01,"89,961249","60,5434718140","27,1488429941"
1997-11-02,"39,604814","79,3760159961","26,6134776907"
1997-11-03,"28,194100","74,1633187602","27,4138840402"
1997-11-04,"15,492072","75,1942771292","25,9988432158"
1997-11-05,"17,929030","55,0526453705","23,1002936026"
1997-11-06,"65,804464","78,5324641177","29,9452587888"
1997-11-07,"74,151075","50,8091527205","29,3362377428"
1997-11-08,"77,538571","76,7924011651","27,0294711950"
1997-11-09,"75,537044","66,6606823095","24,2683696776"
1997-11-10,"17,396376","69,9409313996","29,0150468537"
1997-11-11,"38,976828","71,1035162857","21,1362361580"
1997-11-12,"51,643131",indisponivel,"26,6953806436"
1997-11-13,"68,366236","63,4573794400","29,6201279377"
1997-11-14,"95,344458","72,6819298947","22,3133296266"
1997-11-15,"68,822354","72,5335391506","25,8666986357"
1997-11-16,"72,227766","57,6648416425","26,2589572219"
1997-11-17,"84,750370","69,0045452395","20,0403000100"
1997-11-18,"42,819555","57,0628873854","29,5100092121"
1997-11-19,"93,585170","74,6580362808","25,9740377301"
1997-11-20,"93,246279","76,1890068069","23,7705486003"
1997-11-21,"30,198927","63,4764251230","29,1320547588"
1997-11-22,"60,310085","57,9876664731","28,2251128847"
1997-11-23,"38,364292","71,2435853315","28,8078122647"
1997-11-24,"72,472379","52,2607571608","29,7092724322"
1997-11-25,"70,327751","61,7031494005","21,5579474886"
1997-11-26,"47,145256","50,0926405112","22,4997898428"
1997-11-27,"18,306412","63,2839413439","24,5378902913"
1997-11-28,"61,481265","50,4960162413","20,4694467872"
1997-11-29,"90,623871","78,6049471995","20,7718747426"
1997-11-30,"64,983413","63,5658347328","27,7829951274"
1997-12-01,"222,766734","75,3803764774","33,7753507734"
1997-12-02,"209,004705","76,8850810923","36,8546620714"
1997-12-03,"262,116156","78,4557624005","32,1412788004"
1997-12-04,"114,268320","80,4820384519","27,7006452805"
1997-12-05,"253,016832","88,6685610036","36,5141973047"
1997-12-06,"134,456425","69,5745026814","30,4658761551"
1997-12-07,"67,269848","62,9169866183","34,0194694554"
1997-12-08,"59,399474","62,4099538708","30,5825083862"
1997-12-09,"257,928531","93,8309379587","36,4928004065"
1997-12-10,"57,779520","63,0414295374","31,2723711975"
1997-12-11,"70,658039","60,9846491398","32,6886955291"
1997-12-12,"216,995431","80,4906167872","34,2308736864"
1997-12-13,"183,999813","68,2210006254","29,0491105708"
1997-12-14,"124,988238","73,0432259445","35,5275231846"
1997-12-15,"66,070069","76,7638461389","29,7038045551"
1997-12-16,"118,847657","81,5382841153","26,3818018783"
1997-12-17,"221,049296","81,2981664195","29,1248573812"
1997-12-18,"62,923562","85,7685527701","33,6540733462"
1997-12-19,"160,906487","61,7302922881","29,4701322358"
1997-12-20,"92,239846","68,0484965287","27,7853938265"
1997-12-21,"165,743609","61,7045992711","25,3004877668"
1997-12-22,"213,121927","64,3612647477","31,9387454089"
1997-12-23,"130,229381","84,2073091696","33,0145132885"
1997-12-24,"285,774975","69,8345779691","28,9936465274"
1997-12-25,"186,884541","60,9438049031","34,5198528377"
1997-12-26,"91,279922","66,3609037897","33,3398676868"
1997-12-27,"80,522900","63,6017376515","34,6887050191"
1997-12-28,"271,410978","66,3396639627","25,8307421523"
1997-12-29,"186,090509","65,7715160057","29,4516642290"
1997-12-30,"242,959307","89,4063221358","37,4996466337"
1997-12-31,"212,146597","80,6150344356","26,5303321200"
1998-01-01,"250,441413","76,1135906612","33,4560126884"
1998-01-02,"177,828570","89,2509515910","37,7123486345"
1998-01-03,"231,208696","80,9031006680","30,7516252098"
1998-01-04,"158,889716","71,8717540284",indisponivel
1998-01-05,"102,869044","70,2025665946","29,2054257688"
1998-01-06,"87,108597","61,9681049464","30,5516399083"
1998-01-07,"124,160042","66,9993396481","26,2103999109"
1998-01-08,"177,149796","65,3190573408","37,6559752190"
1998-01-09,"207,961268","60,2888694558","37,2910150562"
1998-01-10,"200,584949","82,5383515946","34,6936975103"
1998-01-11,"114,766423","77,0150060422","27,5436237539"
1998-01-12,"268,072022","77,1853505305","28,4222553355"
1998-01-13,"243,522776","89,9173071673","25,8290628518"
1998-01-14,"152,124246","86,6246750535","36,1894650167"
1998-01-15,"80,745772","63,5586596649","27,8693516053"
1998-01-16,"290,713697","92,2399071533","30,5767907062"
1998-01-17,"270,132879","93,6030286049","26,4021508754"
1998-01-18,"227,507557","82,0719846106","26,3795638733"
1998-01-19,"218,340787","77,9987539254","26,7454478653"
1998-01-20,"209,498689","80,4337581842","35,0030888524"
1998-01-21,"169,400143","70,4164223425","30,8424160992"
1998-01-22,"165,738331","78,7963820371","34,4934104348"
1998-01-23,"247,171007","91,9065783600","36,0330529281"
1998-01-24,"162,102721","69,7058423117","36,3498414403"
1998-01-25,"117,101146","94,8485032993","29,3122276316"
1998-01-26,"134,577403","81,6818094613","36,9313737179"
1998-01-27,"90,259249","60,9330110352","32,5196286418"
1998-01-28,"143,917655","75,9214495349","31,0289082272"
1998-01-29,"134,226752","86,0051533927","33,3531848202"
1998-01-30,"105,444290","62,0290574339","26,9592192533"
1998-01-31,"226,880831","77,4657640362","30,6724197794"
1998-02-01,"100,759898","68,2109563536","33,2084271397"
1998-02-02,"60,514877","84,2075321007","26,8731407865"
1998-02-03,"236,805179","75,3189188582","28,7346272774"
1998-02-04,"274,618276","91,5618029783","32,4972714208"
1998-02-05,"64,717272","84,9393735756","29,1855758720"
1998-02-06,"217,523965","78,2195794011","37,3883074069"
1998-02-07,"80,881643","81,3128765992","35,1728756134"
1998-02-08,"153,282447","61,3278833851","33,5142041270"
1998-02-09,"177,515313",indisponivel,"28,7755248632"
1998-02-10,"202,558515","65,0436680902","25,2492027343"
1998-02-11,"173,403380","61,6496312098","37,1335854467"
1998-02-12,"197,267924","89,2314126554","27,8455051933"
1998-02-13,"194,105627","68,6318226015","25,8083801085"
1998-02-14,"225,363481","92,6939828815","37,1390662671"
1998-02-15,"165,746423","91,6460442876","25,8452477681"
1998-02-16,"201,240487","94,3185183519","30,4296559292"
1998-02-17,"175,464811","60,8727286427","31,7367391258"
1998-02-18,"160,758473","83,1231939293","30,9856283401"
1998-02-19,"53,277548","69,0627617179","37,0563185205"
1998-02-20,"179,783370","73,7604585262","28,8883188437"
1998-02-21,"167,922859","64,6508164096","28,2625410127"
1998-02-22,"119,218358","61,4392743826","32,7669727137"
1998-02-23,"106,225474","72,7654050869","35,4162349589"
1998-02-24,"164,300561","81,4074969309","32,2264220829"
1998-02-25,"82,656763","73,2731833265","30,3990767203"
1998-02-26,"223,005435","70,0407468201","25,4133374747"
1998-02-27,"244,332760","86,1996593809","34,3126974376"
1998-02-28,"271,993487","62,4440041609","36,4591388282"
1998-03-01,"164,657559","94,2283212810","24,0718706377"
1998-03-02,"115,691017","85,8891121303","28,5903451390"
1998-03-03,"169,759702","67,4565662537","28,9884330233"
1998-03-04,"85,849068","67,1684818512","24,9885789640"
1998-03-05,"70,487663","67,3049190508","27,5847388211"
1998-03-06,"216,499948","62,6221133746","27,1161844487"
1998-03-07,"145,672015","60,6955460777","24,1244976499"
1998-03-08,"195,331131","60,3909182142","25,4851790667"
1998-03-09,"100,707892","92,0647105489","21,1279196224"
1998-03-10,"76,020784","63,7970618799","22,1848100892"
1998-03-11,"216,649117","90,5089657873","29,0464603582"
1998-03-12,"150,908076","64,3739514914","25,8327632524"
1998-03-13,"72,818654","92,8625694097","27,5642128929"
1998-03-14,"276,806873","64,0208917028","23,4030723112"
1998-03-15,"82,489924","74,6449469173","29,2127823442"
1998-03-16,"294,588407","76,2860775348","25,0062545593"
1998-03-17,"92,803238","82,4065129412","26,4236588054"
1998-03-18,"236,685364","76,0994738815","23,1556632451"
1998-03-19,"254,344486","76,4756225366","23,0602237493"
1998-03-20,"172,890277","74,7712763805","23,8763572780"
1998-03-21,"209,997360","69,3009676818","27,4859503789"
1998-03-22,"163,578847","78,7367718347","25,0409228328"
1998-03-23,"284,985615","81,1182349470","27,4523362117"
1998-03-24,"106,408630","61,9030435261","20,6442100560"
1998-03-25,"256,604127","66,6718433907","27,8133634727"
1998-03-26,"286,228730","88,6793530722","20,3083976677"
1998-03-27,"94,105641","80,8407217907","26,2703185666"
1998-03-28,"184,021633","77,6914111650","20,1538688243"
1998-03-29,"193,128409","61,0560342351","26,3764914085"
1998-03-30,"110,709939","89,5562191901","21,9091329732"
1998-03-31,"246,636301","78,3865196192","25,1422661808"
1998-04-01,"43,821950","73,8062815489","20,9143572218"
1998-04-02,"81,216247","54,8350076170","27,0053885437"
1998-04-03,"78,617006","65,8327141492","22,6771062845"
1998-04-04,"46,367489","72,0733639727","25,6259819494"
1998-04-05,,"79,3394435982","28,1431603520"
1998-04-06,"67,087647","77,3941341731","24,9408358315"
1998-04-07,"53,821279","61,5534858945","27,8945320030"
1998-04-08,"86,258858","74,0820460784","27,7924978485"
1998-04-09,"60,471906","73,8848038320","26,6486756648"
1998-04-10,"55,490650","66,6685289255","25,4125545354"
1998-04-11,"13,981932","66,0976965807","21,4225015571"
1998-04-12,"16,982100","58,4768810459","25,6454465896"
1998-04-13,"97,069986","51,3380553227","20,6587386770"
1998-04-14,"21,519101","79,3242887755","25,9924272788"
1998-04-15,"44,992489","74,0740536403","23,9493342293"
1998-04-16,"13,822109","59,2970230131","25,2557747247"
1998-04-17,"68,497907","61,2835236002","27,6596501246"
1998-04-18,"72,587733","70,4497622653","24,8378431984"
1998-04-19,"33,133336","73,6703590593","22,7956347689"
1998-04-20,"50,987858","63,3930536567","27,2570868282"
1998-04-21,"58,384883","70,6595930850","24,5751612541"
1998-04-22,"51,285472","78,5573092410","28,1510725359"
1998-04-23,"94,716453","66,1923955444","21,9834038330"
1998-04-24,"31,908350","78,7878438047",indisponivel
1998-04-25,"21,694117","53,4667551773","26,3021752848"
1998-04-26,"25,284927","65,8999578878","22,7165807057"
1998-04-27,"50,718891","52,6550382088","29,9416269324"
1998-04-28,"38,679922","58,3270832831","22,4409140241"
1998-04-29,"24,513851","73,1653878671","26,7122931408"
1998-04-30,"12,811478","69,6226399536","29,9382815983"
1998-05-01,"53,658804","57,9082219563","21,1419895036"
1998-05-02,"54,627465","79,2390536050","20,1746789515"
1998-05-03,"48,377042","63,9093739511","23,4535382191"
1998-05-04,"16,297999","53,4983935975","22,5889251525"
1998-05-05,"29,502366","54,9072997285","26,9424621705"
1998-05-06,"99,038876",,
1998-05-07,"41,296020","63,3379024331","21,9982723936"
1998-05-08,"28,048264","59,8270734351","29,6030745949"
1998-05-09,"39,322803","64,4999130915","20,6522315646"
1998-05-10,"64,020859","51,1015644437","27,8220052512"
1998-05-11,"64,798333","55,2848958687","28,3857678014"
1998-05-12,"29,691702","50,5397523814","24,5278450980"
1998-05-13,"36,130808","67,3951282977","24,7818511440"
1998-05-14,"29,560767","54,0497108090","24,6763859736"
1998-05-15,"33,607705",,"29,1333404907"
1998-05-16,"98,221012","64,6747879866","23,6990181504"
1998-05-17,"23,804657","59,3077623567","22,2114916679"
1998-05-18,"65,855925","66,1965371994","21,7505167792"
1998-05-19,"35,449161","67,0887774472","22,0354337875"
1998-05-20,"12,539714","61,7070523759","20,1374647448"
1998-05-21,"42,198005","70,6909781874","24,0225953823"
1998-05-22,"97,340374","63,1718975473","25,7920458167"
1998-05-23,"26,544861","62,5374576262","29,3990310498"
1998-05-24,"48,612443","77,4693849707","21,8271763818"
1998-05-25,"44,554616","74,3899666643","22,4459116563"
1998-05-26,"15,855899","50,7399321254","20,8206988035"
1998-05-27,"63,522483","63,4870795478","21,2769548477"
1998-05-28,"18,131796","77,1984760384","28,1068425925"
1998-05-29,"92,429169","76,3871380044","27,3429811480"
1998-05-30,"31,363970","78,6074104785",indisponivel
1998-05-31,"93,497911","50,4352209581","23,0307078879"
1998-06-01,indisponivel,"55,9908457901","18,4027029665"
1998-06-02,"3,884402","58,3145192482","18,5253620035"
1998-06-03,"11,156048","55,3584976167","21,0132011539"
1998-06-04,"25,775634","62,1223415637","24,3405897633"
1998-06-05,"34,649044",indisponivel,"15,1290565347"
1998-06-06,"0,084768","61,9062265510","16,3824182914"
1998-06-07,"33,992584","43,4703963487","14,4303810489"
1998-06-08,"34,015058","46,9927125174","17,3143963357"
1998-06-09,"17,953200","68,9578124582","15,9759645102"
1998-06-10,"20,205548","58,5946134074","21,5399254799"
1998-06-11,"18,349113","50,5134759642","24,8317465416"
1998-06-12,"4,241901","41,5770689354","15,4854561045"
1998-06-13,"12,482930","40,9148532266","17,4768466863"
1998-06-14,"36,322922","55,5661035416","14,7581381763"
1998-06-15,"24,378568","62,3302117678","19,9848316565"
1998-06-16,"10,627268","55,5121356298","22,3016688092"
1998-06-17,"4,548602","58,9397155101","14,2221462224"
1998-06-18,"35,083655","42,8416825301","16,1800061908"
1998-06-19,"33,617361","60,0738227853","17,0277381464"
1998-06-20,"23,905135","61,5094303348","22,0226144672"
1998-06-21,"43,501470","58,2093571121","14,7615782452"
1998-06-22,"5,104626","49,4272579050","23,1098640643"
1998-06-23,"7,415484","50,9368910275","15,8153776821"
1998-06-24,"37,609015","41,4715137599","19,1552885721"
1998-06-25,"43,595640","41,2597820713","17,2201927539"
1998-06-26,"5,893540","45,5165738865","15,6145519937"
1998-06-27,"14,605700","59,5176212062","20,5218786407"
1998-06-28,"41,669233","49,2160812430","16,0607380597"
1998-06-29,"13,604364","42,0690683449","15,7968293846"
1998-06-30,"38,074902","56,9675828383","23,8020614097"
1998-07-01,"40,192024","54,9099956471","22,0173978473"
1998-07-02,"12,903824","55,1072578378","16,1107285576"
1998-07-03,"45,275182","57,4559146544","22,5965761274"
1998-07-04,"1,551510","64,4823934374","14,5792512743"
1998-07-05,"2,929533","65,3223509519","15,2197800339"
1998-07-06,"31,513027","40,7613451696","20,2407394970"
1998-07-07,"49,272983","60,8316566543","19,1527503006"
1998-07-08,"12,747981","42,7413157417","23,5537871707"
1998-07-09,"0,812801","65,6971187454","22,6775843966"
1998-07-10,"35,530911","46,1509485063","15,8126000595"
1998-07-11,"1,060362","68,9748671346","24,0066699965"
1998-07-12,"10,323869","53,4245534411","19,6763419695"
1998-07-13,"35,427166","67,7003239636","21,5540799879"
1998-07-14,"47,513504","55,4087520606","21,4990567645"
1998-07-15,"8,657724","51,3612248070","16,3519119141"
1998-07-16,"23,756899","62,2900610981","19,7472799790"
1998-07-17,"9,371990","67,3625104966","21,7305454251"
1998-07-18,"28,734765","45,4698492318","19,0133941867"
1998-07-19,"19,796437","61,8707739548","19,6153534427"
1998-07-20,"35,351173","61,6294680281","18,9653003192"
1998-07-21,"23,075771","56,0053920343","14,6883947839"
1998-07-22,"45,650418","46,9127391644","19,3171562660"
1998-07-23,"28,557230","55,5471682668","16,7487603306"
1998-07-24,"33,725380","49,1148003096","23,9018646415"
1998-07-25,"23,387118","41,3152843201","14,9314919297"
1998-07-26,"14,379564","47,9281063986","18,5625865983"
1998-07-27,"30,207328","59,4679671858","16,5976901097"
1998-07-28,"30,911692","48,9085314819","19,6670017986"
1998-07-29,"44,191658","45,3872624411","20,0551936909"
1998-07-30,"13,463168","60,0807119881","23,3878475389"
1998-07-31,"12,068848","53,6758504034","20,7004782008"
1998-08-01,"4,774347","69,2362426514","20,3128180905"
1998-08-02,"38,758095","52,4194352733","16,0477594224"
1998-08-03,"18,534131","67,2212641441","22,0525543797"
1998-08-04,"26,362916","41,0486944680","16,6235472094"
1998-08-05,"34,983761","48,8332843745","22,0746843206"
1998-08-06,"14,987870","69,6731632395","23,8865902166"
1998-08-07,"10,315197","50,2861526441","15,0905659620"
1998-08-08,"8,316359","52,5709636000","21,4631872426"
1998-08-09,"12,747298","50,7339989666","24,4300828861"
1998-08-10,"4,344949","50,1238608415","22,0534364935"
1998-08-11,"17,096239","48,7798805942","19,7925697235"
1998-08-12,"16,851399","50,5942894596","15,3583802626"
1998-08-13,"49,494115","41,2763154950","21,6263493853"
1998-08-14,"42,803652","48,2381632207","19,1460298642"
1998-08-15,"44,384384","45,6289025875","24,5458013063"
1998-08-16,"42,667503","64,3896937205","14,0572214569"
1998-08-17,"9,534741","46,1781982769","23,0064976826"
1998-08-18,"31,111139","62,7868582486","24,2711052219"
1998-08-19,,"51,4516440257","21,1284959506"
1998-08-20,"35,536910","53,0359305582","21,7906907654"
1998-08-21,"10,249464","69,8735807232","17,1711231497"
1998-08-22,"28,329811","68,2742453807","18,2562586161"
1998-08-23,"18,593252","60,9697931507","21,9943069399"
1998-08-24,"18,381486","47,5978281082","22,3011544715"
1998-08-25,"19,772308","41,5668685758",indisponivel
1998-08-26,"12,916234","41,7244483151","22,0347659510"
1998-08-27,"44,055506","43,1901010713","15,6120083825"
1998-08-28,"36,156966","49,4447138810","21,2693754728"
1998-08-29,"19,313326","44,7352107624","17,1864623662"
1998-08-30,"45,850842","61,9479449706","15,9652147226"
1998-08-31,"8,362745","60,3665068202","14,9619856489"
1998-09-01,"12,787131","67,6622990420","22,2544783800"
1998-09-02,"39,494811","61,9936773019",indisponivel
1998-09-03,"4,966996","45,8754452149","26,1255034733"
1998-09-04,"28,240472","69,1533489060","21,9961090429"
1998-09-05,"23,824450","65,2877628643","22,3021780861"
1998-09-06,"4,128628","40,9071282090","28,8150749135"
1998-09-07,"46,944506","47,6406810657","26,4665303903"
1998-09-08,"34,933891","52,1291300811","22,4587863050"
1998-09-09,"12,625987","67,6478425167","20,5337202555"
1998-09-10,"46,107691","48,5577685777","22,1254251203"
1998-09-11,"39,963444","59,6118460784","23,4700493662"
1998-09-12,"17,596605","54,5184701580","29,8825302423"
1998-09-13,"2,136179","53,9115840313","29,6341895597"
1998-09-14,"4,738565","42,5489601385","29,6239745735"
1998-09-15,"49,050680","57,2188237191","26,9225860531"
1998-09-16,"16,058467","55,5790387183","25,8913606739"
1998-09-17,"38,113835","41,8178180553","22,9225848758"
1998-09-18,"12,381219","59,5403771526","21,9673930408"
1998-09-19,"43,638540","69,4572333607","24,2083517954"
1998-09-20,"43,345238","49,8016803394","20,4491372328"
1998-09-21,"26,274703","58,0904936542","28,2733383704"
1998-09-22,"44,675881","43,0415218453","20,7425914629"
1998-09-23,"43,405408","40,6517301355","25,2734255130"
1998-09-24,"31,186179","64,8543862114","22,7405998157"
1998-09-25,"48,906845","43,5661144690","23,1322800119"
1998-09-26,"16,122073","68,0835060152","27,5540412199"
1998-09-27,"12,432669","57,6794755369","24,9662117117"
1998-09-28,"35,863526","66,8531236598","24,9928979951"
1998-09-29,"28,724006","58,5532296815","27,1572038035"
1998-09-30,"31,074878","55,0475534848","20,3057279143"
1998-10-01,"27,433245","67,7620829761","27,8984041519"
1998-10-02,"55,582535","53,0214857445","29,4331132587"
1998-10-03,"20,099856","59,1211159040","25,4918609790"
1998-10-04,"75,483666","54,6586118130","26,5890536416"
1998-10-05,"32,293942","76,3363474836","21,1848546351"
1998-10-06,"95,770813","63,1457981891","26,9920277888"
1998-10-07,"29,101172","70,5714857662","20,8108828930"
1998-10-08,"74,662300","59,3192637171","27,4736184409"
1998-10-09,"62,039207","61,7348142736","24,6037641553"
1998-10-10,"83,423328","77,7223978526","26,3543907278"
1998-10-11,"80,179956","56,5731286103","22,2449693969"
1998-10-12,"18,799325","68,4245295614","27,8222404803"
1998-10-13,"61,384001","78,2391800432","25,6472872581"
1998-10-14,"33,844814","56,7405143271","21,5098930034"
1998-10-15,"93,920316","78,5921754137","24,8160478474"
1998-10-16,"70,934124","71,6387761987","29,3474552623"
1998-10-17,"87,758703","78,5949387963","21,0569768479"
1998-10-18,"23,741998","55,6205383064","27,5639524625"
1998-10-19,"61,647002","79,0579213960","27,5020934452"
1998-10-20,"87,779007","63,7762433064","24,4710432347"
1998-10-21,"59,424913","71,5617659039","27,2742524706"
1998-10-22,"26,830290","69,9337005310","24,4584820664"
1998-10-23,"26,438086","70,0271796220","29,1241180177"
1998-10-24,"13,850235","77,5513068550","29,3942626950"
1998-10-25,"57,166728","66,4667931675","20,0042258885"
1998-10-26,indisponivel,"62,6213671664","25,5449338744"
1998-10-27,"28,426686","60,4455619414","22,5463658513"
1998-10-28,"99,101411","71,4143911611","25,9924239639"
1998-10-29,"67,094873","73,0734523227","27,0129311888"
1998-10-30,"63,377105","69,6967378970","22,1387308460"
1998-10-31,"19,163270","71,7683693132","23,4228783476"
1998-11-01,"55,197399","71,6825419383","28,5753739708"
1998-11-02,"35,615748","66,2868827164","24,5449654791"
1998-11-03,"72,826788","52,3207909451","25,0892073572"
1998-11-04,"78,359388","60,2900835775","29,7981900651"
1998-11-05,"28,333150","69,8225137294","26,7900388859"
1998-11-06,"65,127837","50,4324775871","26,0719741940"
1998-11-07,"22,871242","66,1270768548","22,0252031919"
1998-11-08,"93,625077","60,8726803489","23,5018728907"
1998-11-09,"26,770568","72,9795155164","27,6824477032"
1998-11-10,"44,314165","74,5455685696","23,1811872862"
1998-11-11,"45,694365","79,7408238114","28,3256822469"
1998-11-12,"66,996144","50,0858587767","22,8202449931"
1998-11-13,"69,735476","54,1037668120","28,7651321358"
1998-11-14,"40,929965","62,3830652417","22,2204032170"
1998-11-15,"11,408465","74,4105222794","21,2335288860"
1998-11-16,"99,332842","74,2751049291","20,1706559198"
1998-11-17,"13,293550","64,4728709703","23,7777143831"
1998-11-18,"64,457475","68,1434095204","26,0775092324"
1998-11-19,"59,575064","59,0044636903","28,3458594768"
1998-11-20,"60,886904","62,0506707490","20,4258430788"
1998-11-21,"76,627992","66,3456201476","28,7399625776"
1998-11-22,"28,963934","59,3712682087","27,8816365318"
1998-11-23,"38,451406","63,2547946984","29,9811073356"
1998-11-24,"98,796235","67,1606545734","26,7784479619"
1998-11-25,"98,037335","73,3883292852","20,5758633865"
1998-11-26,"71,820931","75,7316458057","20,8061927810"
1998-11-27,"34,857073","61,9216734000","29,7379463082"
1998-11-28,"37,014637","72,4662345179","25,4698250924"
1998-11-29,"24,710634","79,9595924685","20,2278463277"
1998-11-30,"32,099501","61,1169040487","23,2192108763"
1998-12-01,"237,153918","78,0555437056","34,3818006293"
1998-12-02,"128,830069","61,4225846504","34,9293434792"
1998-12-03,"112,148597","72,1238141661","35,7404992806"
1998-12-04,"258,719783","94,1464563297","28,8685989080"
1998-12-05,"204,900875","93,9064716888","27,3731132467"
1998-12-06,"203,494545","80,2173340751","34,6488054991"
1998-12-07,"85,863186","63,4829998721","28,4855465198"
1998-12-08,"267,071588","75,5488597796","37,5687185337"
1998-12-09,"224,826604","94,7061003370","33,4218918201"
1998-12-10,"202,458529","65,4014114799","30,8804999529"
1998-12-11,"83,723128","72,4225343805","26,7467628924"
1998-12-12,"148,210093","65,4408440842","26,3941602549"
1998-12-13,"205,638168","61,6821872736","32,5008192426"
1998-12-14,"78,133281","91,6976883509","29,1211303884"
1998-12-15,"115,024157","82,2559967090","28,7937033152"
1998-12-16,"226,465217","86,2794603090","26,3689223813"
1998-12-17,"208,893502","70,4248932157","37,7401069165"
1998-12-18,"297,784768","61,0791449734","27,0476416995"
1998-12-19,"266,728160","80,7840361812","37,9558162194"
1998-12-20,"193,112532","73,1413255148","31,9168530353"
1998-12-21,"211,554701","71,3785264050","34,9773561449"
1998-12-22,"262,422386","83,8690806403","37,8665342449"
1998-12-23,"170,193471","76,0653152798","29,5066346676"
1998-12-24,"179,823995","64,6030542453","31,7540817271"
1998-12-25,"230,831033","93,7943686048","35,3839949223"
1998-12-26,"127,591203","78,6081832991","29,5649382840"
1998-12-27,"213,736021","69,5622139928","29,8265083835"
1998-12-28,"96,737286","63,7915436632","37,9821104279"
1998-12-29,"91,594175","67,8850076453","35,8494032201"
1998-12-30,"153,357729","78,7342655863","32,1684670938"
1998-12-31,"173,175271","64,4333818359","28,5343606823"
1999-01-01,"88,635733","86,1360482994","34,0720148207"
1999-01-02,"185,581485","69,7556684889","30,3069847062"
1999-01-03,"89,602259","80,3903876185","27,7635806673"
1999-01-04,"282,818282","62,4571462953","34,6174300615"
1999-01-05,"193,882573","79,1462355814","26,6002717064"
1999-01-06,"208,355193","85,4762913473","32,3845851934"
1999-01-07,"257,172056","63,8380484831","34,0184094099"
1999-01-08,"238,294216","90,6952614773","32,1683467368"
1999-01-09,"245,317351","60,5094078515","33,2545493336"
1999-01-10,"89,576186","89,2226985368","27,0111285380"
1999-01-11,"97,728336","76,5788648315","32,2451535289"
1999-01-12,"295,277615","90,3011059563","35,5036337464"
1999-01-13,"125,162637","75,9756214680","27,3858234223"
1999-01-14,"119,419605","94,0777190189","26,8979311250"
1999-01-15,"211,753645","61,0774361428","27,2037301752"
1999-01-16,"135,371401","89,5604909352","31,4881632478"
1999-01-17,"59,421999","64,1226883947","29,1655809469"
1999-01-18,"95,955324","83,2291612044","25,0845957209"
1999-01-19,"172,469484","88,0101794059","30,7648139604"
1999-01-20,"168,638206","72,5715558015","29,3054424582"
1999-01-21,"266,066539","90,2164886476","31,0770242423"
1999-01-22,"128,284861","77,5628762923","37,5778596591"
1999-01-23,"241,718369","71,1216346950","35,5894592275"
1999-01-24,"220,489038","83,5538227612","33,6165400092"
1999-01-25,"237,277577","60,2300467775","25,2937892473"
1999-01-26,"230,645390","86,0890408679","25,2282234201"
1999-01-27,"181,444343","92,0843686142","36,1313307464"
1999-01-28,"274,489390","72,9985195405","37,6293811500"
1999-01-29,"121,240063","66,4938086330","34,1291395986"
1999-01-30,"163,402837","71,4636222129","36,6983635028"
1999-01-31,"277,817737","76,7188572072","25,9694929356"
1999-02-01,"138,114720","69,1423700641","36,0273801374"
1999-02-02,"168,844479","87,4288554058","37,7105232522"
1999-02-03,"222,641797","68,0499817149","31,2146936019"
1999-02-04,"173,973786","72,3953694747","31,4765467535"
1999-02-05,"102,293404","93,8413182698","31,2981598545"
1999-02-06,"163,447652","89,7728183317","25,2243186724"
1999-02-07,"204,826373","94,2141397956","36,3766462257"
1999-02-08,"52,520671","85,4275652832","37,1915251367"
1999-02-09,"119,458072","75,1011506235","25,7107708391"
1999-02-10,"201,890903","89,8064007200","33,8341798603"
1999-02-11,"238,358226","85,5675334274","30,5771209953"
1999-02-12,"83,724475","67,4576847386","37,2238083077"
1999-02-13,"135,768712","69,3509652113","30,7729208235"
1999-02-14,"273,359699","76,8040322556","33,0644294778"
1999-02-15,"150,761198","64,1101820533","36,5465759371"
1999-02-16,"170,438668","72,9660383573","37,2732048362"
1999-02-17,"205,340954","77,5902982524","25,0826871919"
1999-02-18,"106,952168","65,4918417136","31,8790397915"
1999-02-19,"181,268489","81,4861239050","34,8341748038"
1999-02-20,"276,438415","60,5712533214","30,8717681462"
1999-02-21,"217,389681","63,3386329055","36,8358611576"
1999-02-22,"232,246274","64,3246283499","33,7003603288"
1999-02-23,"86,107611","61,6446398735","31,5438744753"
1999-02-24,"95,977381","70,0619288706","30,0659045127"
1999-02-25,"102,147695","67,0395495695","32,4437291827"
1999-02-26,"170,589824","77,2611191820","35,9636193842"
1999-02-27,"260,965042","83,3758714219","36,9973581836"
1999-02-28,"186,186630","85,7637270636","34,4653540385"
1999-03-01,"228,834927","76,7718112763","20,8395950909"
1999-03-02,"245,392506","94,4385882634","23,4883917845"
1999-03-03,"175,197113","78,9162322351","20,9105645384"
1999-03-04,"63,798339","94,2214486932","28,4300468405"
1999-03-05,"97,544751","62,2884350870","20,9045383606"
1999-03-06,"196,050410","67,6856186450","27,4918750940"
1999-03-07,"286,672779","75,7016431835","20,3137000731"
1999-03-08,"147,042991","78,6685422035","28,1847633790"
1999-03-09,"53,113942","90,1313468647","23,4837323975"
1999-03-10,"114,749379","86,0819131425","29,9210272733"
1999-03-11,"86,731094","88,2110137098","29,9674467562"
1999-03-12,"129,348065","82,7464208189","22,5382598861"
1999-03-13,"77,681508","73,0344056918","23,6199544736"
1999-03-14,"204,090240","82,6468877987","21,4458917520"
1999-03-15,"245,936270","88,6084705838","23,3787815357"
1999-03-16,"182,882780","62,7164424459","23,2590607839"
1999-03-17,"176,918289","89,8294136196","21,6233584760"
1999-03-18,"115,414360","74,0877279216","28,3460652402"
1999-03-19,"114,385663","72,4104184926","20,1276042234"
1999-03-20,"175,676191","80,6442107428","28,6402018272"
1999-03-21,"192,210595","87,2355477342","28,9168509782"
1999-03-22,"93,653345",,"25,7453320298"
1999-03-23,"247,703348","66,6475854158","24,3591550287"
1999-03-24,"202,288661","63,2310471506","25,0488998516"
1999-03-25,"248,230143","88,0292891518","23,6237095147"
1999-03-26,"107,984654","88,1550469915","27,0083220650"
1999-03-27,"65,934198","93,6344532978","21,3952047054"
1999-03-28,"286,664285","81,8233800801","27,7730044094"
1999-03-29,"190,040498","61,2391816794","27,5906406034"
1999-03-30,"225,569182","81,5459103518","25,0547405074"
1999-03-31,"147,780553","91,9173562417","20,3035610651"
1999-04-01,"10,672019","69,0356795239","21,0879894851"
1999-04-02,"80,644703","60,9734339057","20,4566395987"
1999-04-03,"58,738891","63,7208224610","28,0425132354"
1999-04-04,"90,262888","70,7041121412","21,5702106274"
1999-04-05,"19,020843","58,3431950688","26,4635412245"
1999-04-06,"73,105256","72,2567952723","25,6191629986"
1999-04-07,"61,590768",,"22,1054066811"
1999-04-08,"32,190662","56,2195565260","20,7111185704"
1999-04-09,"54,398714","59,2651423180","29,2459609059"
1999-04-10,"86,101085","62,6219046771","23,7634106471"
1999-04-11,"98,533791","67,0988083373","21,5350687938"
1999-04-12,"51,280151","53,1662298831","23,7815260539"
1999-04-13,"75,044000","54,6072169608","21,9001128376"
1999-04-14,"33,052822","77,0150673385","26,3893509642"
1999-04-15,"97,046066","65,8154198635","25,5048719352"
1999-04-16,"28,481067","78,6645145547","23,7585689028"
1999-04-17,"52,055899","51,5549261456","22,5028148947"
1999-04-18,"47,001995","60,3681214888","23,2431838896"
1999-04-19,"56,184781","57,0891836036","29,5526823589"
1999-04-20,"19,260741","64,3881587543","26,8167694966"
1999-04-21,"79,446765","70,3459722939","23,7051692939"
1999-04-22,"45,496997","63,7001564813","20,4467177439"
1999-04-23,"48,419834","54,7139517952","24,6159312399"
1999-04-24,"10,208013","56,3381069570","21,5814655618"
1999-04-25,"94,223992","72,1719155712","24,6798246452"
1999-04-26,"29,049408","74,0335689666","29,9523375031"
1999-04-27,"52,205157","75,1996566475","26,3521583622"
1999-04-28,"14,970720","73,1962842812","28,3345733803"
1999-04-29,"24,901714","60,8686005365","22,0493455568"
1999-04-30,"40,515308","69,1524780506","26,6293077814"
1999-05-01,"38,596608","62,8690327083","25,9778914819"
1999-05-02,,"63,5264392004","29,7662420862"
1999-05-03,"49,428964","60,8490492416","29,9194945561"
1999-05-04,"63,366630","58,5350667572","22,5861330628"
1999-05-05,"33,424160","57,3067841712","23,3009205128"
1999-05-06,"98,493646","71,0422584131","29,1080469549"
1999-05-07,"97,117641","75,9804884442","28,3926576582"
1999-05-08,"27,999949","53,1504617919","29,8052528250"
1999-05-09,"50,119398","61,4431263192","25,2936676547"
1999-05-10,"80,210200","58,9720415990","27,6724035898"
1999-05-11,"83,825848","77,8019647576","21,9315310818"
1999-05-12,"79,617193","65,7596825411","24,1062307231"
1999-05-13,"71,676766","71,4754951436","20,4952701266"
1999-05-14,"25,270973","62,3079031367","24,2678726204"
1999-05-15,"41,369686","54,6166562464","28,6953660232"
1999-05-16,"89,919558","59,9204579062","24,5622059131"
1999-05-17,"65,609326","64,2360732695","20,0724426969"
1999-05-18,"74,084984","72,0595007189","24,1823788526"
1999-05-19,"56,997068","59,7602378662","24,2700545169"
1999-05-20,"28,153805","56,3977571853","23,7692923934"
1999-05-21,"65,766562","78,2184025655","25,4724408333"
1999-05-22,"34,360150","64,2176731785","28,2782175425"
1999-05-23,"70,381120","70,6575793460","20,6330887354"
1999-05-24,"42,242330","53,0077811650","24,3560009532"
1999-05-25,"63,376456","53,9170077981","27,6456984975"
1999-05-26,"13,453879","66,9254421117","26,4990135329"
1999-05-27,"92,851310","72,6144089167","26,5819134955"
1999-05-28,"86,071111","72,0589813768","25,0797132856"
1999-05-29,"27,403023","68,8695044680","20,9789010089"
1999-05-30,"65,176578","75,7367973194","29,3273713820"
1999-05-31,"20,615893","65,0300376807","24,0870209127"
1999-06-01,"21,322216","54,8781265421","17,8787024732"
1999-06-02,"15,482192","45,6571081029","22,0828429134"
1999-06-03,"48,659905","65,1257054464","17,4668040529"
1999-06-04,"16,678455","53,3602056016","14,1919639179"
1999-06-05,"15,009980","68,6053716374","22,9940289607"
1999-06-06,"10,634344","66,6703550796","24,2264456381"
1999-06-07,"49,039234","59,8360527747","19,6945042296"
1999-06-08,"20,961494","46,7400976996","19,9456412578"
1999-06-09,"22,745816","47,9004018839","19,9145810083"
1999-06-10,"3,919835","56,7392413188","23,2663639700"
1999-06-11,"46,694507","62,9894548084","21,1591797673"
1999-06-12,"18,310093","45,3146445195","17,8166844622"
1999-06-13,"14,149446","43,1996960074","24,5587798026"
1999-06-14,"49,098953","48,3044706028","22,2137021391"
1999-06-15,"11,449729","62,1839687478","21,3089685603"
1999-06-16,"38,342218","58,1886797515","17,7082389647"
1999-06-17,"30,831718","55,1224097577","18,3189640844"
1999-06-18,"19,727161","54,8704575773","16,8213325291"
1999-06-19,"12,755813","57,2298672282","20,3876126068"
1999-06-20,"17,873082","45,9762757061","22,6201974214"
1999-06-21,"40,589105","48,9093052654","20,5272917770"
1999-06-22,"34,410245","60,2808237266","17,6901259381"
1999-06-23,"28,163826","54,2607610597","17,3545755645"
1999-06-24,"33,482481","62,7143525500","19,9271088461"
1999-06-25,"27,714632","64,4263143315","23,4468331841"
1999-06-26,"28,556183","46,7904470736","21,1703439794"
1999-06-27,"16,988920","41,6043336099","22,4440452539"
1999-06-28,"19,640763","64,1170953968","20,2794825184"
1999-06-29,"1,226027","67,7093853901","20,7776604701"
1999-06-30,"12,475348","43,2815655104","16,1854807960"
1999-07-01,"25,145514","67,3481158129","22,6550788005"
1999-07-02,"42,369615","49,2155133292","15,1174145781"
1999-07-03,"12,492816","66,5669913463","22,4503227195"
1999-07-04,"13,850573","51,8748886358","19,1593877229"
1999-07-05,"44,557666","56,6074281778","19,6667312737"
1999-07-06,"18,629091","63,3029600857","14,3199649797"
1999-07-07,"23,093456","48,5002268742","16,8799316854"
1999-07-08,"22,343009","69,7986997250","24,2225638677"
1999-07-09,"36,823246","51,1744062138","23,3517428915"
1999-07-10,"13,668902","51,7477191967","20,0212143404"
1999-07-11,"21,251685","63,4757752208","16,2421358586"
1999-07-12,"10,366954","56,2395509885","20,1909602115"
1999-07-13,"8,352590","69,0211214956","15,2624711127"
1999-07-14,"29,137006","65,9918840814","17,1414422768"
1999-07-15,"21,249013","46,3633396696","18,7323927912"
1999-07-16,"12,882367","42,4168998995","24,9132421114"
1999-07-17,"32,324237","46,1760860333","15,9091863001"
1999-07-18,"26,415354","45,6191250486","21,1537551167"
1999-07-19,"33,105938","57,0353732190","23,2626667917"
1999-07-20,"47,630844","55,5521895268","22,1469699303"
1999-07-21,"42,155442","41,1827973157","18,3441249815"
1999-07-22,"15,720929","65,1944324111","21,4215798452"
1999-07-23,"22,205636","69,3966098139","14,0402333747"
1999-07-24,"36,267859","57,5606906908","21,0966503719"
1999-07-25,"47,975269","57,3280791698","15,2157323580"
1999-07-26,,"48,4428074076","18,1718855597"
1999-07-27,"3,319082","68,5895217036","14,9394452166"
1999-07-28,"21,293095","55,0581623430","21,6567085841"
1999-07-29,"36,545371","53,5211481207","19,9102084817"
1999-07-30,"38,444541","54,8620145146","22,0062630969"
1999-07-31,"22,485303",indisponivel,"17,0746850414"
1999-08-01,"39,093055","61,1356819706","16,6360878464"
1999-08-02,"7,945145","50,2515218145","24,2803915771"
1999-08-03,"24,103403","44,2988415396","15,1251792695"
1999-08-04,"4,858734","58,2326221286","23,1507301387"
1999-08-05,"42,925724","40,6695651817","24,2911727120"
1999-08-06,"28,936561","42,0285611882","19,4661352109"
1999-08-07,"20,387517","54,9461511958","22,7681094060"
1999-08-08,"20,309101","68,2761053728","23,9252339651"
1999-08-09,"29,857106","59,8932150644","19,2528940605"
1999-08-10,"20,325219","52,6440151493","15,1164072008"
1999-08-11,"4,754830","57,5350048186","17,4127819240"
1999-08-12,"17,568345","48,8557668513","15,1664801336"
1999-08-13,"30,414562","68,3839104410","17,2134101917"
1999-08-14,"6,487399","50,2245919625","18,8429974852"
1999-08-15,"28,356414","62,1859595207","16,9105632355"
1999-08-16,"42,486909","68,9448086476","20,1613179064"
1999-08-17,"43,698025","50,4606837986","21,8922519416"
1999-08-18,"14,470552","48,0639790713","14,7902847914"
1999-08-19,"42,658317","59,7217773750","24,0025926806"
1999-08-20,"48,155120","47,5978273549","23,5266990858"
1999-08-21,"42,720475","61,6189421202","20,7372842518"
1999-08-22,"24,878475","68,1697272528","15,5203016552"
1999-08-23,"8,867206","49,3215263523","17,5916652163"
1999-08-24,"24,152565","62,8981948862","20,1351963164"
1999-08-25,"5,016556","63,2729748395","18,0686225428"
1999-08-26,"20,029987","67,4549391020","18,1594726767"
1999-08-27,"4,312898","49,3109226101","24,0794576216"
1999-08-28,"48,905369","50,0330687205","16,3916496681"
1999-08-29,"13,755871","45,6728355243","18,0759115750"
1999-08-30,"43,630251","55,0158214079","16,7731167651"
1999-08-31,"18,135658","44,8537928105","15,1453572985"
1999-09-01,"20,660457","50,4357058146","21,6921275530"
1999-09-02,"7,199984","51,5322639779","21,2003381873"
1999-09-03,"6,511948","63,1901928372","28,0356950219"
1999-09-04,"41,949046","49,0214779012","25,7166521980"
1999-09-05,"32,585024","47,1286884343","22,6742149927"
1999-09-06,"1,034948","60,6370593558","21,9630897505"
1999-09-07,"10,322681","66,6957125323",
1999-09-08,"44,771322","64,0137144263","22,6063641115"
1999-09-09,"48,922568","52,3297737151","28,7838969112"
1999-09-10,"12,893377","52,1703449263","20,0365927916"
1999-09-11,"30,284331","66,2007978434","20,0981919160"
1999-09-12,"16,202450","45,6607423539","26,7672941157"
1999-09-13,"2,647743","55,4494586424","24,6115768581"
1999-09-14,"25,553294","44,4517419732","24,3142347962"
1999-09-15,"6,250049",indisponivel,"25,7537128138"
1999-09-16,"2,384236","47,7793325378","29,9012169351"
1999-09-17,"47,936506","64,3933768781","23,0069768765"
1999-09-18,"49,442133","51,2419251065","21,5862552849"
1999-09-19,"15,575422","66,9767021829","29,9185100419"
1999-09-20,"8,860617","65,6619655572","28,8284332881"
1999-09-21,indisponivel,"49,3936067835","21,7318788658"
1999-09-22,"48,455403","47,9841629595","28,8937002182"
1999-09-23,"26,774765","52,0983294666","23,7920135501"
1999-09-24,"29,587540","52,6594983436","27,3572668921"
1999-09-25,"46,898588","69,2273026225","26,1188864870"
1999-09-26,"7,594004","58,9480517777","23,5693733791"
1999-09-27,"19,351006","69,4439099533","20,6518061262"
1999-09-28,"37,575323","50,2206448459","20,8706145249"
1999-09-29,"18,284664","45,1201352728","24,5701013454"
1999-09-30,"33,565406","53,4373681681","29,5227118559"
1999-10-01,"52,368715","53,9015993836","26,9618062169"
1999-10-02,"21,166474","69,7063334142","25,6427027994"
1999-10-03,"82,178245","51,4325085410","26,0598381671"
1999-10-04,"13,042124","54,6779770319","27,6384056545"
1999-10-05,"75,901480","57,9631901122","21,5325362933"
1999-10-06,"40,446659","51,3757235031","28,1109934788"
1999-10-07,"44,350047","63,7553835033","20,0235133481"
1999-10-08,"67,780453","72,3714861102","24,8845813439"
1999-10-09,"95,319214","55,6383500034","26,2546017814"
1999-10-10,"93,218686","51,0471269336","24,6436142321"
1999-10-11,"58,577118","55,6941853550","27,7872567608"
1999-10-12,"31,543993","58,5705202649","26,4586437323"
1999-10-13,"23,178570","57,5053416743","25,3875719584"
1999-10-14,"88,395828","68,0899678188","27,2474146636"
1999-10-15,"89,241311",indisponivel,"25,5827487747"
1999-10-16,"80,467612","75,8056787911","27,5995604008"
1999-10-17,"54,321715","61,4783165503","24,0314784166"
1999-10-18,"20,801121","56,8364949694","29,7429105294"
1999-10-19,"31,744725","75,3396060487","27,0304932728"
1999-10-20,"31,469231","73,7397802799","22,4495512035"
1999-10-21,"72,886974","77,6795476708","26,9400918557"
1999-10-22,"42,769954","72,3498132654","27,4189143578"
1999-10-23,"80,214456","65,3064674848","29,6587223919"
1999-10-24,"77,972778","52,9458860883",indisponivel
1999-10-25,"72,621280","60,3388952141","23,1625064988"
1999-10-26,"27,871312","61,1120433353","29,3191690172"
1999-10-27,"72,238612","77,0413442884","26,3238207362"
1999-10-28,"99,388809","74,8988173346","24,6016244030"
1999-10-29,"11,599163","55,9192506524","29,5545924586"
1999-10-30,"59,654219","76,1566932431","22,6654889069"
1999-10-31,"58,831309","63,9205464952","20,2796788904"
1999-11-01,"25,524731","51,5476208466","20,6511719016"
1999-11-02,"72,766179","70,6942111153","25,4777032964"
1999-11-03,"42,708992","69,8062405495","22,5298246767"
1999-11-04,"39,026594","62,9342444919","22,3996191080"
1999-11-05,"25,681118","50,0242435112","26,0601728632"
1999-11-06,"15,623127","61,9197580635","27,2525829404"
1999-11-07,"66,339149","53,6246384655","28,6325385406"
1999-11-08,"89,668031","63,2227055146","24,6354429651"
1999-11-09,"74,237803","71,5712920502","28,7012363437"
1999-11-10,"62,081466","78,8054400570","28,7265670496"
1999-11-11,"61,693888","54,5689725538","27,2373838479"
1999-11-12,"31,363401","51,8397257508","22,6684738398"
1999-11-13,"25,573707","76,2533829483","29,6273680032"
1999-11-14,"80,060885","57,7878516813",indisponivel
1999-11-15,"36,529050","78,8294161047","27,3124530792"
1999-11-16,"43,207445","67,4110750710","21,9500016356"
1999-11-17,"95,279882","70,8150245034","29,3205264425"
1999-11-18,"78,864162",indisponivel,"20,1752103488"
1999-11-19,"25,177666","55,2060874681","28,2205945906"
1999-11-20,"85,473164","66,4541272786","20,8440600553"
1999-11-21,,"64,9194136700","26,5324688025"
1999-11-22,"64,830298","55,2594827176","22,8363339434"
1999-11-23,"12,404987","73,1542595730","27,3503046689"
1999-11-24,"22,383291","63,6111710467","23,5560029636"
1999-11-25,"62,735343","51,9663249258","26,9313717498"
1999-11-26,"14,819691","79,7089634182","23,0747138151"
1999-11-27,"50,362090","55,2496192429","20,4253352557"
1999-11-28,"91,617941","54,5350661025","20,8321712096"
1999-11-29,"36,317927","53,4848243377","29,1537303918"
1999-11-30,"29,871177","72,3414912856","25,4223689391"
1999-12-01,"247,630545","88,5163589806","33,2697034019"
1999-12-02,"145,321760","60,0078179905","35,7953997276"
1999-12-03,"224,076959","64,9515024649","35,5879608438"
1999-12-04,"239,810550","93,5719893767","28,7594459590"
1999-12-05,"95,246914","61,3250327573","32,7639375971"
1999-12-06,"122,765722","71,9364135880","26,0045191557"
1999-12-07,"232,123650","61,6998557416","32,9068628531"
1999-12-08,"66,676032","70,3849553533","29,6787690693"
1999-12-09,"55,617477","61,0567832708","28,0763044245"
1999-12-10,"132,861393","85,1308708184","26,6454552312"
1999-12-11,"130,583397","64,2774793464","25,0048200407"
1999-12-12,"93,456596","94,0883239154","28,2532591413"
1999-12-13,"144,867307","71,6144365114","37,7624850899"
1999-12-14,"278,476923","64,1525408197","35,0604581776"
1999-12-15,"63,037356","71,4807849048","34,2085844721"
1999-12-16,"85,383617","65,2569148947","26,3792793884"
1999-12-17,"233,733543","61,2507370448","37,3532839106"
1999-12-18,"193,536462","88,8778531923","36,6153428768"
1999-12-19,"261,506354","77,0161098163","29,9795078863"
1999-12-20,"282,543077","91,1348055891","31,8043754269"
1999-12-21,"107,691410","65,1954344754","33,2031344600"
1999-12-22,"89,152748","62,0439680767","32,3087772302"
1999-12-23,"133,827182","70,3028726334","29,2426504818"
1999-12-24,"75,610478","62,3100763407","25,1319124173"
1999-12-25,"282,338366","75,5031400671","28,7270318916"
1999-12-26,"65,056798","83,9192260984","35,4838902514"
1999-12-27,"193,901603","83,7945054368","25,8702092705"
1999-12-28,"141,950500","68,4155187281","29,7758702592"
1999-12-29,"176,771101","77,3093217682","28,5676522313"
1999-12-30,"135,853507","63,6811684073","32,9055287367"
1999-12-31,"283,599888","70,7618755341","35,2876958860"
2000-01-01,"186,030505","86,6758433513","31,8606968078"
2000-01-02,"122,601530","78,6610906211","29,8898977668"
2000-01-03,"287,134771","77,3343127142","33,4911392153"
2000-01-04,"188,860797","80,2639686218","32,6332841266"
2000-01-05,"93,357162","82,8478875733","28,7264111445"
2000-01-06,"292,873619","83,7080281843","27,9332505922"
2000-01-07,"71,645384","71,5092870281","34,6103617052"
2000-01-08,"80,658163","84,1579364002","36,4244180527"
2000-01-09,"223,783135","84,2084668681","26,3680355374"
2000-01-10,"293,286638","80,4953936576",indisponivel
2000-01-11,"221,867588","89,1121097309","34,7903999144"
2000-01-12,"292,751623","94,9959872730","26,0428403443"
2000-01-13,"215,693648","69,2201113677","36,0216627886"
2000-01-14,"268,994514","62,6363327002","33,2015401726"
2000-01-15,"210,640345","84,8817235441","36,6943486603"
2000-01-16,"255,726025","79,9885816098","25,2736891782"
2000-01-17,"197,960727","89,6979051083","27,6394208512"
2000-01-18,"91,324600","60,6715244776","27,6327761421"
2000-01-19,"237,946129",indisponivel,"26,2823398825"
2000-01-20,"267,125955","87,3902911180","34,5304058326"
2000-01-21,"116,116764","91,7180259164","27,8405341222"
2000-01-22,"156,290429","65,9464886437","36,3231011019"
2000-01-23,"228,809969","92,6911663144","34,4224246609"
2000-01-24,"70,331486","67,6259486137","32,4232689970"
2000-01-25,"173,776291","83,0609707084","32,6384019353"
2000-01-26,"257,531997","88,8363222008","30,5026720327"
2000-01-27,"199,045472","60,2390531102","31,6294846275"
2000-01-28,"264,854059","83,9364346075","28,6738426690"
2000-01-29,"123,285325","93,4649679689","31,7313695476"
2000-01-30,"69,838670","76,5248982711","31,8950118151"
2000-01-31,"88,838862","90,5567786593","37,0183538791"
2000-02-01,indisponivel,"86,5002247223","37,8821014921"
2000-02-02,"148,137538","65,9438409555","32,1991675437"
2000-02-03,"184,244054","63,4877372070","35,8205630594"
2000-02-04,"264,121283","79,4439849540","36,5626960747"
2000-02-05,"238,018566","91,8201698263","29,3721783064"
2000-02-06,"141,680951","83,3787291391","36,0403966143"
2000-02-07,"122,678464","89,6833470066","28,7390454185"
2000-02-08,"294,408617","80,3095685632","36,5672296195"
2000-02-09,"75,896526","67,2260171002","37,5180170320"
2000-02-10,"154,368540","79,4063650900","37,6182707275"
2000-02-11,"59,535299","77,3711121816","36,0373964850"
2000-02-12,"71,605407","81,6580966639","36,9971401251"
2000-02-13,"141,440183","80,2197383169","31,1175590388"
2000-02-14,"216,899331","72,9771475597","34,7443435907"
2000-02-15,"138,489910","73,3628398696","28,6951120188"
2000-02-16,"233,531222","60,9328181377","34,1916814776"
2000-02-17,"241,546569","76,1662474047","31,8529639989"
2000-02-18,"175,279146","63,3251779935","36,6128813128"
2000-02-19,"219,252307","69,3875754180","35,2125172593"
2000-02-20,"167,610869","93,4776583724","36,6690577928"
2000-02-21,"57,235288","63,8608518115","27,4992906266"
2000-02-22,"228,495181","87,2827702164","33,8924191621"
2000-02-23,"55,679066","85,6730755935","25,4815782306"
2000-02-24,"248,084581","60,0538295500","28,1914921612"
2000-02-25,"250,235046","93,8088784130","28,8680082167"
2000-02-26,"101,896010","68,1521906000",
2000-02-27,"98,943000","70,7627266387","33,5015985350"
2000-02-28,"68,466164","75,8190351349","29,4154964822"
2000-02-29,"59,947671","89,4693140702","37,5903680297"
2000-03-01,"120,373327","63,7845099388","28,8981005149"
2000-03-02,"144,034300","88,5304953737","25,5168358641"
2000-03-03,"75,248875","67,7875966276","25,0855415322"
2000-03-04,"267,405344","60,6431162179","26,8136759212"
2000-03-05,"115,897427","85,2205613209","23,9493357714"
2000-03-06,"111,090536","75,2436779024","29,5337014065"
2000-03-07,"289,502595","89,9463066879","27,5822947218"
2000-03-08,"229,302113","79,5757044419","26,6178191083"
2000-03-09,"291,760048","66,1072268464","23,5150605307"
2000-03-10,"122,171413","86,8970315175","26,8190001691"
2000-03-11,"219,959705","76,3817053036","21,9661494455"
2000-03-12,"262,834123","90,6407867953","25,4154086386"
2000-03-13,"193,769135","87,4889201933","29,8345060824"
2000-03-14,"181,658013","61,3085963289","28,0886293681"
2000-03-15,"275,880502","74,0712449271","21,7416034072"
2000-03-16,"66,758231","65,3692810161","25,3343675889"
2000-03-17,"61,885633","76,5616137388","26,0284502971"
2000-03-18,"94,395481","65,8142913377","22,2703484204"
2000-03-19,"247,030967","67,5649571603","22,5846172074"
2000-03-20,"267,583936","62,2666835276","24,3608884963"
2000-03-21,"59,989415","81,7827673137","20,4379810464"
2000-03-22,"278,169132","83,8141582373","28,6169197645"
2000-03-23,"180,511623","73,9948842921","29,4674436497"
2000-03-24,"76,368707","90,4747773959","29,7671453616"
2000-03-25,"173,200165","71,9424898803","20,5598059886"
2000-03-26,"257,186861","81,7998841780","28,6159286659"
2000-03-27,"78,065422","92,2194120493","29,5652820312"
2000-03-28,"143,095400","78,1282106316","29,8774120907"
2000-03-29,"196,397095","84,5910332500","28,1316450418"
2000-03-30,"50,894742","79,8781292460","21,2484135501"
2000-03-31,"139,515886","71,0563950401","29,1589790536"
2000-04-01,"38,013479","65,6528130660","22,8329216508"
2000-04-02,"50,056098","71,8082951106","21,8576304128"
2000-04-03,"99,487747","71,5940604838","23,9986413266"
2000-04-04,"47,474236","70,8596391551","20,4180023492"
2000-04-05,"36,912709","72,7302159499","20,5464059394"
2000-04-06,"67,831638","79,9909790972","21,4745730745"
2000-04-07,"19,790973","70,7584716470","25,5167460784"
2000-04-08,"85,198781","60,1187436312","20,8810541683"
2000-04-09,"84,394851","75,4154582012","24,1666923735"
2000-04-10,"90,681529","65,8385615321","22,0448586986"
2000-04-11,"55,504759","52,8699664155","29,7911324944"
2000-04-12,"67,760538","76,0131888214","21,2112594947"
2000-04-13,"71,715827","75,8617983306","23,0714737814"
2000-04-14,"16,498393","53,6347433528","27,9603056334"
2000-04-15,"82,509741","65,3972148157","25,5422005891"
2000-04-16,"73,147696","67,1428054091","28,3040227662"
2000-04-17,"57,910694","54,8398900746","20,7141233728"
2000-04-18,"42,414558","76,5681496573","29,9426192710"
2000-04-19,"89,329973","65,7038534532","27,2249209160"
2000-04-20,"68,926427","52,3248777961","21,0293477945"
2000-04-21,"73,553105","64,0514034767","27,7454808284"
2000-04-22,"22,601073","79,4237742855","25,2522510439"
2000-04-23,"62,532081","54,8846955327","29,8697031132"
2000-04-24,"29,774845","77,5167915286",indisponivel
2000-04-25,"79,134960","66,5753512962","21,2220644151"
2000-04-26,"99,430364","61,1025040877","25,5540042544"
2000-04-27,"18,781044","54,6260574354","23,9244618852"
2000-04-28,"60,169215","71,6974771791","21,3574102249"
2000-04-29,"83,555096","75,8909103346","23,3005770124"
2000-04-30,"15,668392","61,3932577002","29,4829357186"
2000-05-01,"14,081866","59,6098874958","21,8116449490"
2000-05-02,"72,427292","61,3366182913","27,3612530977"
2000-05-03,"85,412160","60,8269358974","27,5953525910"
2000-05-04,"69,839766","56,1282900509","28,9142776962"
2000-05-05,"42,236417","57,1279479487","26,2783986542"
2000-05-06,"55,010408","55,5575963248","22,3299693498"
2000-05-07,"43,647344","78,9476621450","27,3966019895"
2000-05-08,"49,559702","66,4358053759","26,9841161795"
2000-05-09,"81,059753","77,0822039342","28,7419150146"
2000-05-10,"84,999976","69,5949730026","25,0226625002"
2000-05-11,"54,842974","70,5023363136","27,8183072711"
2000-05-12,"74,613489","57,0912114477","25,9661712694"
2000-05-13,"64,296011",,"28,1213229566"
2000-05-14,"21,875732","51,7830906022","27,2668260483"
2000-05-15,"61,886326","71,2171723890","23,7932210226"
2000-05-16,"94,873778","65,3474357498","20,6504491682"
2000-05-17,"99,907160","63,4589707745","27,0800230143"
2000-05-18,"61,216183","75,9109563668","28,3569702490"
2000-05-19,"58,593199","54,9790937882","25,3762320245"
2000-05-20,"88,557682","55,9545021547","23,0424173977"
2000-05-21,"43,970365","58,8426254385","29,9591236167"
2000-05-22,"90,009342","59,9434476404","21,5940519466"
2000-05-23,"81,517269","78,5404999083","28,0459669271"
2000-05-24,"93,852943","65,9452081302","28,9736544993"
2000-05-25,"14,979678","54,6506651462","28,6733822879"
2000-05-26,"54,854031","52,8244696850","22,0679969236"
2000-05-27,"20,385623","69,1970988248","25,2736349962"
2000-05-28,"41,900109","75,6372611312","25,0934392996"
2000-05-29,"23,322394","68,4232327211","20,0190989970"
2000-05-30,"45,528763","58,6222362417","20,5813160438"
2000-05-31,"67,383162","72,3860284228","27,3040552235"
2000-06-01,"0,253565","54,5287816260","14,6787942334"
2000-06-02,"24,392001","45,0985878803","14,6349113719"
2000-06-03,"19,162814","61,5085751626","23,7759723173"
2000-06-04,"0,531793","45,9424436897","14,7198406026"
2000-06-05,"48,856021","42,8347991278","15,6139506413"
2000-06-06,"41,914587","66,8568269383","21,0149571276"
2000-06-07,"22,977661","62,7576030832","23,8138129298"
2000-06-08,"34,638371","59,9196135550","21,9231666297"
2000-06-09,"24,127253","67,6736004272","21,8140995556"
2000-06-10,"7,467789","60,5137306789","14,6866581001"
2000-06-11,"0,619664","45,4706088064","18,9965062637"
2000-06-12,"11,696382","50,2388685465","14,3714595073"
2000-06-13,"33,717307","58,8489973395","20,0776965538"
2000-06-14,"35,383375","68,9808530926","24,3838150489"
2000-06-15,"19,207183","44,3885532719","14,3481024759"
2000-06-16,"18,235639","67,3589474149","17,6715638824"
2000-06-17,"1,695680","41,6076272924","22,3418102462"
2000-06-18,"0,587055","47,5112890227","23,0622596333"
2000-06-19,"1,572558","56,9835660244","18,7010756268"
2000-06-20,"11,716474","60,7491427865","17,4166118886"
2000-06-21,"37,387362","49,0463669502","24,1161411042"
2000-06-22,"38,370805","67,9507086601","23,6121718113"
2000-06-23,"18,680035","43,1730895565","17,7563864226"
2000-06-24,"15,422265","57,4088427829",
2000-06-25,"37,363446","62,6506343136","14,9664748274"
2000-06-26,"48,107848","46,7886825894","15,5196886803"
2000-06-27,"25,349283","58,3547013259","19,8993348494"
2000-06-28,"18,288570","66,1413839978","24,3805726427"
2000-06-29,"0,203678","48,8408036095","17,2011058778"
2000-06-30,"29,893149","65,4384093369","14,1140461962"
2000-07-01,"30,236742","69,4346146093","23,5845178155"
2000-07-02,"33,367939","53,6019703395","16,2190223767"
2000-07-03,"5,233080","55,2922002060","17,8539198314"
2000-07-04,"1,686257","43,8879770473","15,9614422803"
2000-07-05,"47,752754","42,4042169016","24,5629793915"
2000-07-06,"49,719943","66,9183807145","22,5005668932"
2000-07-07,"0,492321","62,5766917356","17,8764327845"
2000-07-08,"32,477958","41,9377148093","20,6180435400"
2000-07-09,"16,358607","66,3320573243","14,2048004633"
2000-07-10,"47,215409","68,8349730626","16,8589057647"
2000-07-11,"49,440123","61,7904205894","14,7923465577"
2000-07-12,"19,761526","52,4688424359","21,7534794366"
2000-07-13,"25,960385","60,7074685177","19,0126472471"
2000-07-14,"47,562105","40,2073101051","19,1380053491"
2000-07-15,"24,314024","68,3167951867","15,8140179096"
2000-07-16,"11,274649","58,2987861536","17,8922558054"
2000-07-17,"13,826126",,"24,0429932328"
2000-07-18,"19,323710","56,2087760997","18,3227026308"
2000-07-19,"28,000237","60,2872791592","18,9225749945"
2000-07-20,"13,764144","40,7780169973","17,7037953310"
2000-07-21,"43,614422","47,3137666226","20,5685950189"
2000-07-22,"39,995317","62,4968421294","23,8897942252"
2000-07-23,"7,683955","62,5024948304","22,6792252803"
2000-07-24,"12,324923","51,4324316529","15,9354305090"
2000-07-25,"25,089625","50,5405720024","16,5318690926"
2000-07-26,"29,153859","68,6897090889","16,9522968670"
2000-07-27,"0,618167","53,7400072424","22,4635772556"
2000-07-28,"39,223750","45,8548003835","18,5423994225"
2000-07-29,"15,815799","62,8082383248","23,1435666229"
2000-07-30,"42,009635","65,1874541136","18,9092969923"
2000-07-31,"16,041516","49,8794536978","21,5533481671"
2000-08-01,"15,695844","55,1400169865","17,2344782274"
2000-08-02,"9,633496","58,5094144470","20,1954654030"
2000-08-03,"39,426948",indisponivel,"20,5633727028"
2000-08-04,"38,202178","55,0200860703","17,1051459031"
2000-08-05,"23,770784","43,5678498447","15,5560704023"
2000-08-06,"10,694641","64,8871892587","19,4174666971"
2000-08-07,"6,753931","63,5066293901","17,9034465526"
2000-08-08,"23,439289","40,7375335112","18,0423311441"
2000-08-09,"34,831919","61,7996480793","21,0979454057"
2000-08-10,"3,553261","52,6905631757","16,4398990552"
2000-08-11,"22,578563",,"20,3489951565"
2000-08-12,"43,836399","69,5689251930","19,8702375266"
2000-08-13,"26,702161","42,0325096657","18,7890582998"
2000-08-14,"37,705834","50,0281571359","16,4414832332"
2000-08-15,"33,254063","52,1111802841","21,4873555993"
2000-08-16,"9,960087","59,8082859664","19,8915284749"
2000-08-17,"40,568673","46,9630544181","15,9788809702"
2000-08-18,"42,795598","69,9482530195","21,9819748149"
2000-08-19,"22,153155","44,3157579162","19,9886718433"
2000-08-20,"30,231377","62,6303785350","17,9530707492"
2000-08-21,"4,387701","50,7336183817","16,0218215474"
2000-08-22,"29,464342","67,4072968773","23,0270074144"
2000-08-23,"26,057263","40,2420873753","17,8084142702"
2000-08-24,"43,154341","46,4722156657","15,0352053907"
2000-08-25,"9,245490","69,0821900172","19,4037875427"
2000-08-26,"14,744345","63,0209315337","18,0159452251"
2000-08-27,"36,869181","59,4386114412","20,5476576724"
2000-08-28,"45,929851","62,3894266709","22,6540813115"
2000-08-29,"29,437359","52,1546570800","21,5933098468"
2000-08-30,"8,470843","69,8033947638","20,5346474124"
2000-08-31,"2,225194","52,5213067063","22,1604063174"
2000-09-01,"21,125398","49,0079908136","24,5873548967"
2000-09-02,"47,662555","46,5680309474","28,0307818272"
2000-09-03,"14,149943","62,4510126335","27,8280161200"
2000-09-04,"24,499938","57,0108483691","22,9689744044"
2000-09-05,"16,055962","69,3924377415","24,6084709348"
2000-09-06,"20,870948","69,7047011743","29,5628487694"
2000-09-07,"24,447294","66,6949014750","21,4823815931"
2000-09-08,"48,863796","51,9576635846","24,9152668733"
2000-09-09,"26,138850","65,5985049637","23,6287358691"
2000-09-10,"47,342876","57,0119695374","28,4361801316"
2000-09-11,"13,648944",indisponivel,"26,2372906395"
2000-09-12,"7,339476","61,3156681898","22,4591783009"
2000-09-13,"43,735185","67,6043961540","22,3543784379"
2000-09-14,"30,290957","61,0287098262","23,5415815715"
2000-09-15,"46,189831","48,8269052462","21,7957724660"
2000-09-16,"10,186305","51,4313112266","24,4150164980"
2000-09-17,"21,134774","48,8879795293","20,9954591059"
2000-09-18,"43,086473","42,3151957008","24,5818529249"
2000-09-19,"39,651980","42,8562237764","26,6190676352"
2000-09-20,"31,779196","45,7694148819","29,4428746225"
2000-09-21,"27,656783","41,8712084900","22,3104352085"
2000-09-22,"23,180082","44,2912662951","27,4769501697"
2000-09-23,"7,988919","65,3479911743","20,6830062341"
2000-09-24,"29,736431","63,7473585680","20,6121745327"
2000-09-25,"11,685881","58,3056133777","26,0595961147"
2000-09-26,"23,645913","57,5613405560","28,2780172830"
2000-09-27,"43,694655","68,8041411537","22,7711170360"
2000-09-28,"8,831456","46,3099612495","29,4798730878"
2000-09-29,"38,258602","68,3547477456","27,2934484055"
2000-09-30,"0,077815","59,2757590118","22,2528170533"
2000-10-01,"13,817011","53,5724354257","26,9856579471"
2000-10-02,"44,271680","55,1520187755","25,7135469715"
2000-10-03,"46,317291","64,7068905057","27,5460149234"
2000-10-04,"35,723445","59,3125131372","22,2586369171"
2000-10-05,"34,021113","61,4374526608","28,1058821868"
2000-10-06,"53,556159","61,8722971196","28,6394249066"
2000-10-07,"23,947203","78,9859901092","27,2466963511"
2000-10-08,"90,436118","51,7833406728","27,8552519457"
2000-10-09,"49,764401","55,0258497718","29,4653194914"
2000-10-10,"33,368607","69,3145296227","29,9857307062"
2000-10-11,"85,472755","77,6189440340","22,5564139198"
2000-10-12,"41,957469","68,0435623428","29,4428915312"
2000-10-13,"28,908014","50,0386533274","23,7479222008"
2000-10-14,"89,007281","59,0391272684","22,5080678426"
2000-10-15,"35,677538","50,6513951193","21,9832280021"
2000-10-16,"31,800939","51,2938449903","28,4839028636"
2000-10-17,"22,618590","53,7796032116","24,0514551115"
2000-10-18,"40,804947","51,8637703859","23,3892662027"
2000-10-19,"53,783741","52,2710402069","20,1378867358"
2000-10-20,"86,081912","50,5885671903","28,8132870834"
2000-10-21,"25,973592","60,9948183790","25,2127810736"
2000-10-22,"93,947323","56,6652904395","25,5441817823"
2000-10-23,"51,967694","64,0378270647","29,6418488053"
2000-10-24,"30,439405","77,5517962730","27,4333084932"
2000-10-25,"37,379121","68,5719230400","20,4662539380"
2000-10-26,"58,841544","62,1339714998","28,9986847438"
2000-10-27,"36,831516","59,0109510944","27,2580885064"
2000-10-28,"24,310433","77,1891381551","28,7028541511"
2000-10-29,"88,435150","65,2938451993","24,6218453150"
2000-10-30,"67,056127","59,9832277344","24,8646267624"
2000-10-31,"93,888261","61,0284687756","24,9301516367"
2000-11-01,"37,936365","65,4657222821","26,7911479791"
2000-11-02,"35,777953","66,4334278558","29,0168615337"
2000-11-03,"50,202757","52,2097731793","22,0907801972"
2000-11-04,"55,371688","79,0901638993","20,2448386644"
2000-11-05,"43,840594","61,8332875666","29,5480658821"
2000-11-06,"12,443909","70,7275210367","28,9226108006"
2000-11-07,"31,378922","67,6335789460","29,8732111709"
2000-11-08,"42,860328","52,4838406607","22,1249541293"
2000-11-09,"63,368676","74,8240691253","29,4816766160"
2000-11-10,"34,426471","74,1364530396","27,4456747140"
2000-11-11,"87,791172","78,0168266748","20,3000546070"
2000-11-12,"50,703305","73,8357783210","25,7145442593"
2000-11-13,"30,940528","61,0569262084","22,8404195541"
2000-11-14,"15,345632","52,7698568433","24,8968879258"
2000-11-15,"77,359276","57,9046838741","25,3970776408"
2000-11-16,"94,729271","63,3955222119","21,4746266539"
2000-11-17,"13,010430","52,4114310068","24,1727084646"
2000-11-18,"67,311214","62,3659030782","29,1843710935"
2000-11-19,"42,474912","62,6100905196","29,7540725941"
2000-11-20,"16,708650","56,0234337535","25,1603840724"
2000-11-21,"44,033931","51,6162358216","24,4426993557"
2000-11-22,"12,213585","77,7149024616","28,4998777985"
2000-11-23,"97,999832","67,7784128743","20,3691918734"
2000-11-24,"88,260639","51,0643701656","27,1307587400"
2000-11-25,"38,331521","69,6217548651","21,2623967101"
2000-11-26,"77,364676","67,8746434627","25,3221175604"
2000-11-27,"13,216346","78,6565192180","20,3462634324"
2000-11-28,"40,181584","73,0566337929","28,0518304475"
2000-11-29,"79,375370","66,0735861241","27,4730037900"
2000-11-30,"32,483695","57,5739615121","28,7040503426"
2000-12-01,"156,595856","77,9707803210","34,8691612125"
2000-12-02,"262,346505","73,4080576662","30,1199793895"
2000-12-03,"62,507508","68,5386887138","36,8063553734"
2000-12-04,"186,970086","66,0831839984","35,7740979892"
2000-12-05,"83,244034","87,7455749294","34,5062932133"
2000-12-06,"250,835553","66,7548562573","37,9298571356"
2000-12-07,"167,886568","71,9784598207","26,5216709352"
2000-12-08,"284,612421","87,9223705038","30,8576826736"
2000-12-09,"127,273475","69,8805285765","36,4840698752"
2000-12-10,"271,851998","66,9243079732","25,0606589295"
2000-12-11,"87,257730","94,4390428774","26,7955334516"
2000-12-12,"121,235183","70,0492179524","36,6575263077"
2000-12-13,"223,048411","89,3339107022","27,3131816607"
2000-12-14,"82,711485","93,6508501760","27,2675254447"
2000-12-15,"293,748118","89,8629469520","26,7373315290"
2000-12-16,"295,147659","65,2886211602","33,7730320623"
2000-12-17,"290,971108","63,4686773171","35,0658937050"
2000-12-18,"186,652995","78,8234108623","25,7465528517"
2000-12-19,"131,734888","79,1400305071","26,4498535261"
2000-12-20,"100,271148","61,6228134893","33,0016170992"
2000-12-21,"175,727739","94,4614729447","26,6734550803"
2000-12-22,"59,262005","63,4277920920","31,3287503714"
2000-12-23,"61,305930","91,3858425771","31,3751308800"
2000-12-24,"74,585269","67,3051814204","29,9664814481"
2000-12-25,"67,796651","76,0722797966","25,5794052020"
2000-12-26,"187,261335","69,3277367890","28,5962892666"
2000-12-27,"63,887795","89,6684930018","37,4378466726"
2000-12-28,"238,415744","90,6909920128","36,0676869499"
2000-12-29,"277,598585","76,0394067202","34,8272633055"
2000-12-30,"238,800762","71,2358118388","34,8608686391"
2000-12-31,"195,286432","86,2625131249","35,1991030214"
2001-01-01,"123,056076","65,4402905090","35,1722617898"
2001-01-02,"121,081225","62,9445519303","34,8657137579"
2001-01-03,"287,264991","74,5103166703","29,3456843460"
2001-01-04,"72,545117","80,0617528024","33,5403224743"
2001-01-05,"203,800551","73,3819221695","28,3487159163"
2001-01-06,"298,234909","68,9021137369","28,3876776577"
2001-01-07,"118,721542","90,0573968161","27,2900420255"
2001-01-08,"133,790835","89,9159759427","33,8399531972"
2001-01-09,"145,438651","73,3184136934","29,9269645718"
2001-01-10,"238,746599","67,3203856467","37,8117378610"
2001-01-11,"179,360411","89,8754682970","37,3944107172"
2001-01-12,"251,356925","81,7835383464","25,9480969847"
2001-01-13,"283,128718","76,0591784779","25,2697057220"
2001-01-14,"93,705467","81,6880031812","31,3437069657"
2001-01-15,"124,797765","91,5899086784","31,5165761221"
2001-01-16,"129,780990","64,3431471950","27,4160575292"
2001-01-17,"112,934944","82,5443302358","25,6240210600"
2001-01-18,"116,304523","71,9201432220","30,2599553459"
2001-01-19,"141,134204","67,8779159843","34,9350019020"
2001-01-20,"229,188175","63,9107681896","30,0110933290"
2001-01-21,"158,961234","70,2901353231","33,0110352013"
2001-01-22,"64,481024","76,8796919456","36,8830473541"
2001-01-23,"149,400356","67,3130407660","31,7591810191"
2001-01-24,"75,038179","81,0043252382","36,6075880599"
2001-01-25,"54,864108","82,3190273784","27,8544681564"
2001-01-26,"103,704946","91,6713293634","31,8452765970"
2001-01-27,"123,733704","69,3384635657","33,7424014861"
2001-01-28,"267,766395","75,4109403844","25,3795241434"
2001-01-29,"224,279638","87,6248348373","28,4104872022"
2001-01-30,"51,017534","72,4848531643","30,2292785006"
2001-01-31,"234,045459","68,8691483775","30,7656767286"
2001-02-01,"131,511144","88,8495088397","32,7390646016"
2001-02-02,"241,929656","67,3696836193","25,6705193379"
2001-02-03,"142,613294","67,7311301046","32,6294874153"
2001-02-04,"246,965314","83,9032942048","37,8921244019"
2001-02-05,"262,191685","86,2506647113","29,2983302376"
2001-02-06,"282,696181","69,8496282757","31,8938929990"
2001-02-07,"54,032844","84,3740129612","29,1605604008"
2001-02-08,"126,195444","89,5455140387","25,4936114512"
2001-02-09,"66,271745","69,6074944973","37,3226611776"
2001-02-10,"69,723436","93,5765177708","35,0891656327"
2001-02-11,"133,125793","65,2109823395","35,7627298072"
2001-02-12,"62,667967","85,1244192892","28,9520410173"
2001-02-13,"146,230484","70,1891985080","37,0467411967"
2001-02-14,"64,208096","83,6408834418","37,2226076516"
2001-02-15,"58,643083","62,5035069305","35,1963031500"
2001-02-16,"245,959750","87,8206077401","35,4371977956"
2001-02-17,"130,886232","61,0320478593","29,7676826129"
2001-02-18,"272,514552","84,4132382685","31,8597301228"
2001-02-19,"83,800920","93,1983835117",
2001-02-20,"187,362536","87,2493450624","32,3956272905"
2001-02-21,"102,694609","66,7518114550","30,7555992845"
2001-02-22,"75,872827","70,7098341351","26,3536721928"
2001-02-23,"223,637081","78,3261440598","25,8551574991"
2001-02-24,"286,746392","85,8347696331","36,9759379040"
2001-02-25,"258,307170","79,8452170443","31,7385387646"
2001-02-26,"159,198120","78,5137328400","32,8672180872"
2001-02-27,"261,819270","80,2087332650","33,0791367068"
2001-02-28,"105,034218","90,1149983709","35,8947859805"
2001-03-01,"160,636972","76,8533371328","24,7284790991"
2001-03-02,"273,305840","73,8085234939","29,8264223153"
2001-03-03,"264,214183","76,8357014674","25,8981953763"
2001-03-04,"138,436879","63,3264354400","26,9332563827"
2001-03-05,"254,560322","72,3605412947","24,7701421809"
2001-03-06,"141,303902","77,1118406306","25,8826297411"
2001-03-07,"177,621157","93,4312451046","29,7502911782"
2001-03-08,"280,158919","84,2703157299","21,9630299767"
2001-03-09,"256,032854","83,5563037472","25,0981146860"
2001-03-10,"179,961313","89,6076873702","27,5291826363"
2001-03-11,"196,122292","86,5044533634","24,1917554867"
2001-03-12,"146,860757","61,4755090036","22,9389980354"
2001-03-13,"298,794450","67,5432223096","20,1552852279"
2001-03-14,"95,634738","83,0742749950","24,8202428612"
2001-03-15,"92,210988","71,3730769352","29,8473937784"
2001-03-16,"290,926136","82,2505519788","29,5076635225"
2001-03-17,"71,451192","72,5803241708","28,8300088584"
2001-03-18,"160,595884","87,6998561231","28,3068950658"
2001-03-19,"269,174550","67,8169761476","22,5616935308"
2001-03-20,"168,421166","66,8645142186","28,9389957219"
2001-03-21,"194,772939","61,8527059729","24,3008135404"
2001-03-22,"297,237242","92,5631865034","22,4078429121"
2001-03-23,"116,247743","72,6102227368","23,0179465029"
2001-03-24,"81,660622","89,0870791388","21,3208657468"
2001-03-25,"160,486216","65,9895964180","25,4430085399"
2001-03-26,"243,829483","87,1950858374","25,5983167804"
2001-03-27,"181,962700","92,0226300930","26,1563995570"
2001-03-28,"190,893307","78,9002832122","28,4685686722"
2001-03-29,"222,005920",,"27,0815747545"
2001-03-30,"91,039892","73,1539458010","20,2758471913"
2001-03-31,"254,333901","76,3801200769","26,4396725631"
2001-04-01,"74,693692","53,9544767102","23,6229721738"
2001-04-02,"20,791489","67,1065260070","24,2129875538"
2001-04-03,"92,027139","75,8660209379","22,7005829264"
2001-04-04,"71,290127","68,0171071184","28,7756883332"
2001-04-05,"11,740371","67,2225561076","28,8342346540"
2001-04-06,"31,268815","66,8140093235","23,7109131022"
2001-04-07,"72,191837","68,6087524478",
2001-04-08,"72,194230","57,3846718365","24,2594927247"
2001-04-09,"58,495760","53,2320208220","20,4549824236"
2001-04-10,"87,105240","71,9752894547","22,9631966402"
2001-04-11,"68,246053","64,5577286846","24,3865478950"
2001-04-12,"23,413549","64,5094965484","21,0585502954"
2001-04-13,"15,807928","52,2666620868","26,3663459662"
2001-04-14,"71,733790",indisponivel,"24,6337304149"
2001-04-15,"93,062179","55,3936326309","26,1954216515"
2001-04-16,"45,421347","79,9737820392","27,6001027780"
2001-04-17,"41,025586","69,6095800098","28,3868469859"
2001-04-18,"49,932511","72,4453422582","28,3891327012"
2001-04-19,"64,532502","65,9300106228","24,4450791731"
2001-04-20,"31,984867","73,0562349911","22,5556856690"
2001-04-21,"32,638168","76,5256334029","28,1706332734"
2001-04-22,"41,438715","73,4376079237","21,8927974192"
2001-04-23,"86,305278","58,6504974863","20,7804041421"
2001-04-24,"32,810051","60,8652117156","28,2785436729"
2001-04-25,"97,486599","61,1476016995","28,8676607205"
2001-04-26,"24,704806","68,3336954267","20,8823595318"
2001-04-27,"57,960833","51,1145185359","29,6541839036"
2001-04-28,"91,112405","76,4610152625","20,4822426084"
2001-04-29,"61,393359","67,1730176430","28,5412791965"
2001-04-30,"47,493960","66,0816078057","27,5226850229"
2001-05-01,"83,901501","76,8683066496","25,3193508624"
2001-05-02,"19,018919","68,7958918263","23,6304613895"
2001-05-03,"68,277685","77,7590197581","29,2400924128"
2001-05-04,"70,146640","60,5766644076","27,0819471108"
2001-05-05,"36,158049","60,0455913896","25,6550232845"
2001-05-06,"71,231276","61,7225817860","20,1882058474"
2001-05-07,"12,405781","59,5628210548","23,5883497116"
2001-05-08,"17,772660","52,5493874581","29,9039812923"
2001-05-09,"11,400574","76,8746661786","28,6454581726"
2001-05-10,"20,117477","56,3687841574","25,8084062175"
2001-05-11,"41,838871","55,1124407549","20,2153565919"
2001-05-12,"94,218093","68,8401057184","22,0401051352"
2001-05-13,"49,433847","56,3734766835","21,8829102382"
2001-05-14,"60,782494","73,4707091317","25,5383375239"
2001-05-15,"11,711653","59,0428589404","27,0430751225"
2001-05-16,"90,385907","74,0639724266","25,4003044782"
2001-05-17,"36,054634","57,4797333192","27,8192039589"
2001-05-18,"58,289621","76,0892681608","29,7854924135"
2001-05-19,"58,797887","62,4411220781","24,2206872926"
2001-05-20,"16,303590","65,8428012051","20,9886768137"
2001-05-21,"90,606005","63,3745045952","20,9188225881"
2001-05-22,"19,022517","50,2201407965","28,1816141995"
2001-05-23,"23,752859","74,7513341483","22,5026518265"
2001-05-24,"33,215383","63,2191157245","28,3952253449"
2001-05-25,"24,620279","65,0865505813","23,9821759518"
2001-05-26,"63,630315","77,1595993174","20,9425461752"
2001-05-27,"84,573065","64,0392894560","28,9965757460"
2001-05-28,"12,186231","74,3188816208","24,0742964799"
2001-05-29,"38,574441","51,9548426543","23,3324926446"
2001-05-30,"37,340796","59,4415803389","28,6918335489"
2001-05-31,"59,935997","66,9752662231","20,3259200310"
2001-06-01,"16,280486","50,8477909645","19,6187518640"
2001-06-02,"38,270998","63,7179648662","17,3150822673"
2001-06-03,"38,638826","67,8724726033","24,3158267452"
2001-06-04,"13,233569","47,4736693558",
2001-06-05,"18,857977","61,6166588539","17,0996978534"
2001-06-06,"3,545173","49,2033518738","24,8300387786"
2001-06-07,"3,860698","52,7895302581","24,2831714990"
2001-06-08,"4,974202","53,4317409799","20,9173118508"
2001-06-09,"34,770437","61,6527892935","16,9530381644"
2001-06-10,"39,370343","53,3217301103","19,5647480083"
2001-06-11,"6,025343","47,3622476298","23,8107681961"
2001-06-12,"30,500946","67,8422038771","15,9560037177"
2001-06-13,"43,812836","62,9447660754","24,9889568283"
2001-06-14,"37,912235","55,5224182706","18,0683945722"
2001-06-15,indisponivel,"69,6905895801","18,3093353684"
2001-06-16,"20,442732","45,2070152623","15,4141184832"
2001-06-17,"35,256232","56,3578819221","21,7994199107"
2001-06-18,"11,565516","50,7438798158","14,2270922487"
2001-06-19,"6,636611","61,9472327748","16,8483419744"
2001-06-20,"17,256594","59,6387915391","16,7195118274"
2001-06-21,"37,202577","59,4201440223","15,5591094893"
2001-06-22,"24,943079","56,2336882261","16,9096627089"
2001-06-23,"27,958759","47,1322407374","18,9373051855"
2001-06-24,"48,181484","67,3930107762","19,8456826337"
2001-06-25,"32,479363","42,3246669606","17,9118384800"
2001-06-26,"1,257168","40,5340912514","22,9276344743"
2001-06-27,"45,951106","64,8314404264","17,7779534799"
2001-06-28,"28,604475","59,9753876581","22,8193135004"
2001-06-29,"42,699173","47,9618422331","21,6768128688"
2001-06-30,"14,424082","67,8073681267","15,1925875216"
2001-07-01,"27,795217","61,7379359820","18,0133332190"
2001-07-02,"19,005825","54,7670463813","20,8885253814"
2001-07-03,"33,620913","51,9037847038","18,2253341212"
2001-07-04,"20,958639","59,5130844106","19,7117699639"
2001-07-05,"43,139815","69,6173267689","24,6878659424"
2001-07-06,"49,388708","55,7941275415","18,3107701969"
2001-07-07,"32,651670","42,8706966402","15,1372196225"
2001-07-08,"31,656218","45,3328569715","16,3155352305"
2001-07-09,"32,521068","62,5172873841","16,9990125650"
2001-07-10,"16,226588","55,1651636205","20,4048010592"
2001-07-11,"0,508073","40,2806066570","22,3871667429"
2001-07-12,"41,150415","63,0794039701","15,7786434664"
2001-07-13,"9,048260","66,6868163630","21,5164942295"
2001-07-14,"40,901101","59,3349731101","22,4014744083"
2001-07-15,"29,876050","64,6884043329","22,9810400602"
2001-07-16,"13,050382","43,8058982811","20,1331346889"
2001-07-17,"49,667250","68,1651063522","24,2157920631"
2001-07-18,"23,066213","40,5357177762","14,5245712859"
2001-07-19,"9,056920","67,3456299828","22,4392322445"
2001-07-20,"11,794238","54,9476993185","23,1372579561"
2001-07-21,"23,955230","62,0944583812","20,7604749434"
2001-07-22,"23,749570","47,6560770327","15,2566726049"
2001-07-23,"40,907774","59,5207477835","17,5948990455"
2001-07-24,"47,197680","47,3091759872","15,7976893616"
2001-07-25,"1,597334","58,8902020739","22,4457358793"
2001-07-26,"0,380210","64,8224330030","14,9818718878"
2001-07-27,"38,341548","41,3890982355","20,1255115776"
2001-07-28,"46,946870","54,0969084658","23,7585965051"
2001-07-29,"23,729475","47,5585088936","20,3542316487"
2001-07-30,"39,112925","48,1758744017","19,7048741819"
2001-07-31,"19,442320","54,1583182944","23,0506021425"
2001-08-01,"29,745300","51,6351904055","23,1959035698"
2001-08-02,"28,750642","65,7971647214","22,7167272701"
2001-08-03,"13,633648","54,9122865235","20,2598475197"
2001-08-04,"9,523118","47,7499811629","17,4735232445"
2001-08-05,"34,929870","47,3213423462","18,6577144560"
2001-08-06,"17,859926","67,2195399484","22,8502310274"
2001-08-07,"23,828745","68,0298657069","16,0557780996"
2001-08-08,"41,743573","54,0546438440","21,9566933920"
2001-08-09,"7,725932","48,3689912132","17,5051049266"
2001-08-10,"46,126010","62,1134344549","16,4889756137"
2001-08-11,"28,597692","45,6173960136","24,2396599243"
2001-08-12,"29,282160","66,2745126406","17,4891292481"
2001-08-13,"42,494865","51,9874908520","17,7131842761"
2001-08-14,"47,545047","60,2575520189","20,4159655634"
2001-08-15,"44,452393","56,4161492363","22,7721851799"
2001-08-16,"17,646098",,"15,8499381101"
2001-08-17,"26,428040","57,4604138671","15,9903748286"
2001-08-18,"43,110970","48,4181302557","15,7976379505"
2001-08-19,"5,874223","50,0592016926","14,3721849793"
2001-08-20,"39,173733","44,3653131436","23,8044626666"
2001-08-21,"18,592202","63,0874119090","16,0410751391"
2001-08-22,"47,845490","66,4284567411","21,6919572544"
2001-08-23,"44,990977","68,9971143325","23,9100413964"
2001-08-24,"13,359697","62,3727737634","18,6281557704"
2001-08-25,"27,209659","57,4132884386","21,4849644674"
2001-08-26,"38,396085","47,9759605526","21,9231777455"
2001-08-27,indisponivel,"44,4758896947","22,8439923630"
2001-08-28,"46,328470","58,1692991584","14,2590623053"
2001-08-29,"36,538649","57,2651029290","17,2991533388"
2001-08-30,"2,127296","46,8698961394","22,5859091085"
2001-08-31,"22,389228","64,5430335508","16,9862396795"
2001-09-01,"10,802644","67,0916052065","27,5485917704"
2001-09-02,"7,803859","64,5535085437","21,1391488913"
2001-09-03,"12,909868","63,7187545916","29,0901474628"
2001-09-04,"4,212272","43,0544601102","21,4214252663"
2001-09-05,"0,478281","62,6577589484","25,2482765215"
2001-09-06,"32,750547","56,9516669762","20,0400991604"
2001-09-07,"23,767175","67,7874546918","28,5127122231"
2001-09-08,"0,441948","57,6811399723","23,8678507923"
2001-09-09,"26,357421","48,6110290259","26,7313547665"
2001-09-10,"39,682927","50,5049143384","21,6107560044"
2001-09-11,"26,643014","55,5848125522","28,7447752645"
2001-09-12,"39,972111","42,4984961828","23,8407941457"
2001-09-13,"29,561734","49,1317281740","22,4006009645"
2001-09-14,"27,120398","54,7335448108","26,6704343717"
2001-09-15,"37,169093","69,3237913101","27,2236553342"
2001-09-16,"11,195760","67,6229551713","25,2945663525"
2001-09-17,"45,658379","63,9841382421","23,5800856957"
2001-09-18,"4,522147","47,4338668225","22,9821965737"
2001-09-19,"48,758659","49,8338799910",indisponivel
2001-09-20,"34,609103","51,1206738206",
2001-09-21,"40,853558","51,4901804807","23,6971292526"
2001-09-22,"3,200554","49,0036837252","27,4741430112"
2001-09-23,"0,146427","53,3771419194","29,2166422096"
2001-09-24,"21,746870","58,4889886084","24,5062809158"
2001-09-25,"19,818904","43,9816615516","23,1683189519"
2001-09-26,"29,614580","47,6723324614","21,1939128760"
2001-09-27,"49,187683","56,5333098532","26,5361575364"
2001-09-28,"23,002294","58,5384985456","23,0097643639"
2001-09-29,"48,386189","50,2425578013","22,7988126960"
2001-09-30,"35,395514","60,8587886334","26,5377380957"
2001-10-01,"81,459425","53,4294119653","28,0319337265"
2001-10-02,"97,600601","77,6705359946","29,7362485901"
2001-10-03,"75,459718","69,2020511725","24,7911405526"
2001-10-04,"14,189559","58,1380931238","27,4552680982"
2001-10-05,"66,567178","68,6205279997","24,8153974612"
2001-10-06,"92,367231","70,4972968324","27,3772990258"
2001-10-07,"64,741646","57,0659408293","27,7325875754"
2001-10-08,"37,338593","58,0431589785","28,0595945895"
2001-10-09,"71,945573","51,7081233039","25,3452989382"
2001-10-10,"51,600884","62,0217632236","21,8505965754"
2001-10-11,"62,272654","56,7951987312","28,1112784149"
2001-10-12,"97,701125","63,1503927171","22,1101222289"
2001-10-13,"88,911017","71,4473834597","24,6839639595"
2001-10-14,"45,434217","57,4924039019","25,6713413012"
2001-10-15,"91,841792","79,2166293358","28,5836587666"
2001-10-16,"58,611479","50,4993662710","24,1686232358"
2001-10-17,"75,688628","71,0839264949","29,5790790964"
2001-10-18,"10,673536","76,3071946334","26,7589316536"
2001-10-19,"62,389564","50,5646498324","28,0016247398"
2001-10-20,"85,249562","54,9484783494","21,3754504694"
2001-10-21,"42,089126","66,8810070650","25,5598975504"
2001-10-22,"11,001768","71,4249831580","29,5291487572"
2001-10-23,"74,307628","65,3863617097","21,0902664652"
2001-10-24,"16,646839","76,3812970075","29,4067962537"
2001-10-25,"29,822148","50,1376705722","29,7293369442"
2001-10-26,"64,504743","67,8492285003","22,5733460388"
2001-10-27,"89,821283","58,0910261714","28,4118691229"
2001-10-28,"55,115188","50,2642927046","20,6817362826"
2001-10-29,"50,116451","71,4848215858","23,8013022660"
2001-10-30,"22,888855","70,8612617765","25,0217560436"
2001-10-31,"40,952979","75,1690779396","29,7209677131"
2001-11-01,"90,753114","79,3544206291","29,9668544004"
2001-11-02,"93,174397","50,3324679699","28,2528851868"
2001-11-03,"16,619346","64,6080873525","26,4024886711"
2001-11-04,"20,124836","65,3601252447","26,5803953338"
2001-11-05,"87,450745","68,0286385325","24,6565385634"
2001-11-06,"43,960535","64,6094308101","27,9730631724"
2001-11-07,"57,278812","75,9479443697","26,5519429173"
2001-11-08,,"55,9551379678","23,0709200208"
2001-11-09,"62,071411","56,6872406385","25,3503874116"
2001-11-10,"84,700408","77,5368073135","27,3164119774"
2001-11-11,"70,459863","75,5161170497","22,9573932009"
2001-11-12,"38,734074","77,0703373845","20,4313319983"
2001-11-13,"40,944168","61,0999095045","23,7507933326"
2001-11-14,"89,275115","70,5365867785","24,9294850459"
2001-11-15,"59,719531","72,3732880556","24,5137426707"
2001-11-16,"47,734295","74,4209289225","28,4525032801"
2001-11-17,"39,231731","79,8803308520","23,4295048982"
2001-11-18,"99,960351","73,9376546332","27,8683483484"
2001-11-19,"98,342652","55,1503270956","21,6197680217"
2001-11-20,"40,202625","55,2206736070","25,0118363050"
2001-11-21,"74,060759","65,1582392097","24,5344450852"
2001-11-22,"48,580853","59,2986003777","27,2658403299"
2001-11-23,,"68,5192082670","27,9647624760"
2001-11-24,"36,020160","73,7947692679","26,4380286858"
2001-11-25,"25,169377","77,1253080550","22,9935671059"
2001-11-26,"62,204289","69,7833450140","23,1623728292"
2001-11-27,"27,448499","79,0324514723","20,9135845517"
2001-11-28,"45,371117","56,6597472339","29,2335929527"
2001-11-29,"60,737935","70,2769523949","24,5812915238"
2001-11-30,"17,442696","60,4434088765","22,0279239435"
2001-12-01,"289,161135","89,6118195081","36,3280454315"
2001-12-02,"211,547716","76,7723535149","36,0590963081"
2001-12-03,"252,258602","85,4879345456","29,9218067826"
2001-12-04,"198,927836","74,7250755824","30,1811858264"
2001-12-05,"208,496025","94,4298981023","27,3062933900"
2001-12-06,"124,011944","67,6665916153","37,1939627633"
2001-12-07,"297,781463","68,7096153938","29,6984680710"
2001-12-08,"197,987685","69,4702869600","37,6223386584"
2001-12-09,"200,999573","68,8153809171","33,1623859314"
2001-12-10,"112,625097","81,1987717323","37,3710534846"
2001-12-11,"192,818347","90,6251675297","25,8804304358"
2001-12-12,"211,897732","61,1303053608","35,3028364949"
2001-12-13,"81,099800","82,3873607755","26,8641525244"
2001-12-14,"99,067876","80,5536936824","27,6305116888"
2001-12-15,"232,124972","73,5137162588","33,8985024522"
2001-12-16,"184,033292","86,5606240373","32,1011579725"
2001-12-17,"107,329665","67,6526040730","27,5938868647"
2001-12-18,"78,183729","73,2941814883","37,3016797834"
2001-12-19,"52,160837","71,1511311912","25,2457734368"
2001-12-20,"244,441613","81,6242176571","37,2274937278"
2001-12-21,"251,599213","88,9128189325","35,3761662689"
2001-12-22,"143,298553","70,2968246076","30,6587315544"
2001-12-23,"136,413973","79,0296781336","34,3834681590"
2001-12-24,"280,554634","73,5974132642","32,9894857480"
2001-12-25,"109,779685","68,0616751561","32,6345462315"
2001-12-26,"198,046641","74,2479185097","26,5162951459"
2001-12-27,"211,167196","91,5209781123","35,0973709323"
2001-12-28,"293,813706","74,7486644582","33,7123185731"
2001-12-29,"101,748237","62,2544904610","33,8072061411"
2001-12-30,"242,326800","84,2892942951","36,4185559773"
2001-12-31,"61,670075","77,7403977624","32,9241191418"
2002-01-01,"139,944643","66,1638204191","31,0736305144"
2002-01-02,"235,594260","84,3706787488","36,0699870586"
2002-01-03,"264,705915","77,3945880563","35,6068465879"
2002-01-04,"136,819689","60,3350602322","36,8064077846"
2002-01-05,indisponivel,"69,6028194634","36,1550505881"
2002-01-06,"262,166799","84,1562480934","37,7930060091"
2002-01-07,"124,479901","80,8096010326","31,0704736918"
2002-01-08,"150,944668","63,8597686415","30,3764761321"
2002-01-09,"196,828978","77,6705166927","26,6289843219"
2002-01-10,"296,302372","65,0705515748","36,0684194851"
2002-01-11,"296,188101","79,4887527500","25,0953359246"
2002-01-12,"128,133966","77,8229090738","27,8869219599"
2002-01-13,"179,509229","62,6464814972","37,5641440919"
2002-01-14,"257,225298","93,5315310171","26,6643073037"
2002-01-15,"202,364835","60,2675277699","28,4408100798"
2002-01-16,"164,726668","81,1376619706","30,7531336803"
2002-01-17,"202,413298","76,5014713549","28,8795734525"
2002-01-18,"200,108096","74,8044155284","26,2051638083"
2002-01-19,"123,168235","77,6204269637","31,2935964182"
2002-01-20,"109,291140","90,7216063348","26,0911203825"
2002-01-21,"288,093361","86,3413565366","25,1750266030"
2002-01-22,"253,784818","86,8570500982","34,5289383040"
2002-01-23,"231,428590","69,5225001914","25,6066652074"
2002-01-24,"91,451007","93,3373512408","29,5505238676"
2002-01-25,"186,834764","67,5500555032","32,8088643436"
2002-01-26,"82,746699","84,2186238510","36,6777024451"
2002-01-27,"105,030312","90,1604930082","25,8579620439"
2002-01-28,"101,282655","82,2488445447","33,1358284621"
2002-01-29,"228,680655","67,6171563428","35,3333745358"
2002-01-30,"108,957693","75,0644837112","35,2695473233"
2002-01-31,"153,578310","67,5300214707","35,6417376510"
2002-02-01,"96,843064","79,4724379282","25,7274464829"
2002-02-02,"142,149209","61,6912685061","28,6795488006"
2002-02-03,"160,512922","69,9344865610","35,3975049119"
2002-02-04,"262,386092","77,6796456623","34,9211979028"
2002-02-05,"243,719873","70,7613151488","34,9330074524"
2002-02-06,"297,087944","68,8443065280","36,1191837628"
2002-02-07,"259,748591","89,2510289622","34,1769394646"
2002-02-08,"215,652397","61,5554444299","26,0767473657"
2002-02-09,"216,256787","91,1709722578","37,6706381337"
2002-02-10,"91,747355","71,8546733419","37,4491946822"
2002-02-11,"274,501363","94,8967137082","36,6713966457"
2002-02-12,"193,401669","80,1622246660","36,9432369049"
2002-02-13,"232,381106","85,6985435410","35,2289662146"
2002-02-14,"163,794006","63,1286445220","28,6780535578"
2002-02-15,"179,076627","64,9008102476","31,6959352922"
2002-02-16,"278,807230","62,9010841940","36,0962764986"
2002-02-17,"252,640673","62,4022211242","27,2057913937"
2002-02-18,"108,980943","69,7387067984","27,4132181378"
2002-02-19,"197,418916","72,5752315896","26,4769072662"
2002-02-20,"116,085513","77,8907267572","26,8047734554"
2002-02-21,"82,148184","65,4356545749",indisponivel
2002-02-22,"154,004570","74,8471539778","29,2059296183"
2002-02-23,"225,346249","91,0684535857","36,9964406414"
2002-02-24,"129,041734","71,7080443018","29,9663940635"
2002-02-25,"249,910094","93,5239208524","25,1542853774"
2002-02-26,"275,016826","90,5941804574","35,6420470453"
2002-02-27,indisponivel,"77,4946520638","30,5630551684"
2002-02-28,"124,958778","83,1383860382","36,8843588865"
2002-03-01,"247,583591","80,9744527686","28,2063488887"
2002-03-02,"84,348693","93,5288964326","25,5142227921"
2002-03-03,"191,629274","84,0770000291","27,9556734528"
2002-03-04,"186,520874","74,6434268023","21,3762745026"
2002-03-05,"256,675083","71,2802338402","22,6174193718"
2002-03-06,"152,231942","76,0074924322","24,4506989155"
2002-03-07,"207,468315","71,1335687969","25,8055370750"
2002-03-08,"188,568924","67,9323568922","25,8902187766"
2002-03-09,"116,411743","94,9583083198","25,6725432806"
2002-03-10,"242,044904","63,9141119747","29,5992718108"
2002-03-11,"170,589762","71,3637900291","22,6735325447"
2002-03-12,"253,593507","83,4270622196","20,4069519104"
2002-03-13,"242,423474","64,4960653766","22,3320320229"
2002-03-14,"55,019282","66,8458606279","24,5034939919"
2002-03-15,"73,350923","90,9123779254","28,5252236359"
2002-03-16,"152,050719","93,9648594386","29,3972092724"
2002-03-17,"80,229733","63,6749834970","24,4375248306"
2002-03-18,"136,960222","93,5128834044","20,4476988950"
2002-03-19,"250,932823","94,8508435618","26,0258328714"
2002-03-20,"138,480923","85,9412589319","23,6186072047"
2002-03-21,"117,190148","93,3129780527","22,2926325637"
2002-03-22,"102,452446","79,9868515479","29,2674507235"
2002-03-23,"204,097271","78,6545192335","27,6031966956"
2002-03-24,"79,686884","70,5636232889","23,0034456906"
2002-03-25,"164,965132","61,2126944661","26,9782100516"
2002-03-26,"66,922979","81,2255047416","27,9485146544"
2002-03-27,"84,274923","94,8578217890","26,0922572847"
2002-03-28,"168,223731","68,3909484510","23,4346535358"
2002-03-29,"91,451971","87,7644577703","21,7795784299"
2002-03-30,"224,449648","75,8218909952","29,0288608187"
2002-03-31,"125,733362","69,8450758341","25,0751840999"
2002-04-01,"87,774565","51,9101919614","22,9817001952"
2002-04-02,"63,791650","75,9087055556","28,9794662988"
2002-04-03,"29,953820","78,3554497379","20,1804507142"
2002-04-04,"18,426003","63,5738894462","21,5336930619"
2002-04-05,"98,193857","74,4828692539","22,2140846612"
2002-04-06,"97,299003","74,3753597603","27,9450583408"
2002-04-07,"32,072468","70,7966198298","25,9153855146"
2002-04-08,"33,223486","71,2391462549","22,2113438363"
2002-04-09,"69,627983","54,8326476208","24,0482531361"
2002-04-10,"33,688159","67,9190874610","25,5918789127"
2002-04-11,"76,156028","58,0606230250","25,3721417575"
2002-04-12,"41,128662","74,2093859681","20,4595129895"
2002-04-13,"32,184953","72,3708633334","27,7609581787"
2002-04-14,"22,356700","73,0635591092","23,4047032429"
2002-04-15,"83,627928","56,9323442937","25,5167977545"
2002-04-16,"87,126500","66,3750634815","28,1059898185"
2002-04-17,"67,684669","71,3112290818","20,1332124863"
2002-04-18,"69,885832","54,8287754095","20,5561469568"
2002-04-19,"55,253904","73,8918337872","21,9010932239"
2002-04-20,"84,197956","55,9828693006","28,1033718039"
2002-04-21,"54,170152","72,9315905428","20,9699382778"
2002-04-22,"42,022361","54,7844747566","20,9341382767"
2002-04-23,"84,068526","50,8184689612","25,9057177578"
2002-04-24,"34,293086","61,3080334854","27,1326784845"
2002-04-25,"44,893364","67,9824690811","25,8619517971"
2002-04-26,"81,005714","79,1024618881","28,8803393070"
2002-04-27,"32,764564","58,4864832642","23,9788083586"
2002-04-28,"19,307552","71,7248310869","25,4818400204"
2002-04-29,"87,553705","72,3974221523","25,2366775827"
2002-04-30,"66,212726","61,2369561226","26,3325302564"
2002-05-01,"36,653449","57,3513007498","20,6008312706"
2002-05-02,"59,359103","67,0769683225","26,5019548998"
2002-05-03,"75,069502","51,6743580787","24,3306465226"
2002-05-04,"12,292275","57,4264419014","21,6934665287"
2002-05-05,"86,524640","58,1732244032","25,9002797785"
2002-05-06,"35,934881","79,1293758931","23,9127612514"
2002-05-07,"40,378179","62,0166749220","20,6446913947"
2002-05-08,"33,489626","58,3917203418","27,9018472982"
2002-05-09,"87,829344","68,7146748133","29,8649101846"
2002-05-10,"59,508349","70,7996279598","23,6131993862"
2002-05-11,"85,884696","68,4789128656","22,4640489461"
2002-05-12,"99,419051","55,9329102425","27,0928322136"
2002-05-13,"93,257934","65,6311884492","26,4810609554"
2002-05-14,"10,295022","54,6071653284","20,8831334852"
2002-05-15,"55,529721","63,5880382590","23,1896729838"
2002-05-16,"57,703669","68,7574394363","28,2535544894"
2002-05-17,"31,251874","72,0367070914","28,9902797116"
2002-05-18,"92,328613","56,0460446900","21,4620986941"
2002-05-19,"83,330466","59,9595046622","29,0742350103"
2002-05-20,"70,586452","68,4714571497","24,5061673179"
2002-05-21,"53,827536","51,2543734921","23,0640036296"
2002-05-22,"15,808816","68,5185727255","24,1773300448"
2002-05-23,indisponivel,"62,5022342705","22,1747372556"
2002-05-24,"37,734399","67,6547888364","21,8709223696"
2002-05-25,"48,230931","53,6887700068","24,8744316844"
2002-05-26,"89,799845","74,0622627107","28,5082416525"
2002-05-27,"48,954849","63,1237864454","26,5647748840"
2002-05-28,"35,942435","66,3846020966","20,3006988487"
2002-05-29,"74,893619","70,2970817196","23,4107011585"
2002-05-30,"91,689233","68,9927305249","26,8826663141"
2002-05-31,"97,100828","77,3259465139","21,3842135979"
2002-06-01,"47,415473","61,4687684496","22,3229527598"
2002-06-02,"44,378872","51,0569715984","23,6706165004"
2002-06-03,"39,937126","67,6821507963","20,8208171285"
2002-06-04,"30,306161","40,5404370271","20,4222220754"
2002-06-05,"1,620327","53,3849435175","21,3863340457"
2002-06-06,"1,980053","56,0313402649","22,2434624642"
2002-06-07,"16,112629","60,9742450891",
2002-06-08,"48,996317","68,6858151309","19,7124443358"
2002-06-09,"16,240497","45,6691337208","17,8380834535"
2002-06-10,"30,923370","51,0022905876","23,7929234524"
2002-06-11,"48,074347","46,2525750941","23,4665552641"
2002-06-12,"17,362356","56,0819914777","20,2236872508"
2002-06-13,"5,386837","53,9386283911","18,1845083980"
2002-06-14,"15,681245","48,4617333926","15,1884697633"
2002-06-15,"40,186094","47,9088812497","23,3193049340"
2002-06-16,"4,350387","65,2432945253","21,3085770677"
2002-06-17,"21,295320","62,9804053967","14,3329264079"
2002-06-18,"17,538925","61,5109607121","23,3688959122"
2002-06-19,"47,131340","56,0067014311","14,5600443652"
2002-06-20,"35,497787","40,3152003310","20,3811839170"
2002-06-21,"42,925482","51,1494536066","15,9819905643"
2002-06-22,"27,707230","52,1260889394","22,6566393636"
2002-06-23,"15,152801","52,7512689398","22,7315965477"
2002-06-24,"40,485692","53,7255319998","19,5828731879"
2002-06-25,"47,047480","67,0314589021","17,4804324762"
2002-06-26,"15,399018","61,4809138214","14,3395837856"
2002-06-27,"34,177379","53,5989177184","20,4883320254"
2002-06-28,"30,045640","45,7177630879","23,9640249354"
2002-06-29,"11,161597","53,5548422305","18,7155032406"
2002-06-30,"5,641643","57,2733784088","14,4586099179"
2002-07-01,"41,550654","46,5040816911","20,6686227723"
2002-07-02,"4,118817","52,5191951910","20,9631065681"
2002-07-03,"35,694700","47,6791068757","14,2718859457"
2002-07-04,"6,904974","46,7541373485","22,5502372130"
2002-07-05,"26,252203","52,1963847033","20,3170359051"
2002-07-06,"40,524403","64,3459348302","15,5475176821"
2002-07-07,"14,080345","51,1716476411","21,5179269222"
2002-07-08,"0,625192","49,2628265855","17,2962317811"
2002-07-09,"35,596757","69,9332093449","19,6393936330"
2002-07-10,"48,736403","66,3865348141","14,4161352562"
2002-07-11,"22,253570","66,9718485847","20,7736525828"
2002-07-12,"28,871176","61,6511659814","22,1027712061"
2002-07-13,"5,311992","59,0177386015","15,0505742934"
2002-07-14,"38,568724","63,2502781238","18,8515246722"
2002-07-15,"7,665651","61,5649122591","18,5070955775"
2002-07-16,"26,171205","59,6390956754","16,6763397440"
2002-07-17,"20,876460","55,8725813160","20,4493621794"
2002-07-18,"37,390448","58,2061092676","18,9977841433"
2002-07-19,"37,222035","54,3660893460","14,2576432120"
2002-07-20,"27,609521","68,6368860580","20,9062485716"
2002-07-21,"11,890942","53,8436910395","19,0768543222"
2002-07-22,"3,780782","43,0101647377","24,5455166890"
2002-07-23,"27,515887","40,3509412241","15,0338494330"
2002-07-24,"44,792471","49,4643504984","15,1680117755"
2002-07-25,"0,683947","56,9906206042","18,2957077773"
2002-07-26,"44,274864","64,2798710351","18,0888954923"
2002-07-27,"12,461816","52,9826986996","20,0599898197"
2002-07-28,"29,067994","69,8757252499","19,8815765011"
2002-07-29,"26,856652","42,7049604627","22,9729635367"
2002-07-30,"27,996521","56,8797106310","18,2234997860"
2002-07-31,"17,907528","69,5057945766","16,8881741614"
2002-08-01,"20,622390","59,6506324103","15,5439004291"
2002-08-02,"15,684285","52,7285249360","19,9178963132"
2002-08-03,"34,944945","69,0168709458","14,3439015594"
2002-08-04,"49,902855","58,8701321331","19,3425025309"
2002-08-05,"14,273323","42,4826171564","23,4121226574"
2002-08-06,"46,353032","41,1221514295","18,7857298165"
2002-08-07,"47,461908","60,2365840030","19,7154388891"
2002-08-08,"10,971435","56,8804333782","23,2070747106"
2002-08-09,"12,817157","40,8259333377","19,0360254964"
2002-08-10,"20,148763","64,9994046124","15,3199227515"
2002-08-11,"15,618009","46,3934166489","21,9873542162"
2002-08-12,"4,151057","56,1286539083","23,9234051357"
2002-08-13,"44,581357","59,9009858519","21,8206866965"
2002-08-14,"24,665559","42,8360006809","22,3097877201"
2002-08-15,"48,719416","64,8609336432","22,5681025053"
2002-08-16,"31,908262","68,0010249538","16,2778367735"
2002-08-17,"6,523741","66,8078835658","24,2622590368"
2002-08-18,"42,447984","41,5686668371","24,7708700287"
2002-08-19,"4,523511","41,3745512765","23,5857976911"
2002-08-20,"20,671432","63,6703182466","19,3172223823"
2002-08-21,"4,094543","52,0730295001","21,6849440873"
2002-08-22,"4,549548","43,8063451262","24,2281526370"
2002-08-23,"9,804799","59,4881546665","22,1455741919"
2002-08-24,"19,202778","63,9620307019","16,4006978236"
2002-08-25,"10,024612","60,8213666015","20,5952183426"
2002-08-26,"38,915519","48,2824197144","16,2858655307"
2002-08-27,"21,897035","65,6533724858","23,6130163331"
2002-08-28,"34,212040","52,3134734216","24,5915249894"
2002-08-29,"14,734408","55,4465012251","15,0207084178"
2002-08-30,"18,236853","60,0039348679","14,4305998894"
2002-08-31,"12,317351","51,7981085348","14,0227621021"
2002-09-01,"29,488225","59,9748216580","20,8122967902"
2002-09-02,"49,622942","50,9286359541","28,5794008617"
2002-09-03,"37,218562","59,4296040918","29,4353182414"
2002-09-04,"39,146671","69,5960755488","24,1197598529"
2002-09-05,"40,625684","44,1241716875","28,1601056742"
2002-09-06,"35,972283","44,2777019195","29,8655642572"
2002-09-07,"29,114455","51,6075360332","21,7896807418"
2002-09-08,"29,022878","66,5086496491","27,6071434495"
2002-09-09,"9,090955","46,5026718084","29,8093319436"
2002-09-10,"38,563454","68,0001655367","24,6440838344"
2002-09-11,"30,842299","58,6646900371","29,4287694889"
2002-09-12,"40,833106","61,4579070450","26,0983117709"
2002-09-13,"17,185327","61,1162477059","29,1962581946"
2002-09-14,"18,718866","44,2624731246","27,2707195350"
2002-09-15,"18,166605","52,9923615113","23,9061461478"
2002-09-16,"18,780397","48,4710276858","26,8903347671"
2002-09-17,"25,505781","56,3593428532","29,7472974997"
2002-09-18,"43,081749","43,6260251891","29,8361585979"
2002-09-19,"0,057001","61,0588348357","26,3922625872"
2002-09-20,"17,072706","41,6273344023","24,2031318457"
2002-09-21,"0,694986","50,8905206495","27,3901210144"
2002-09-22,"37,520551","67,8547981470","22,1153319922"
2002-09-23,"18,263648","52,3125811256","22,5349588402"
2002-09-24,"41,370566","69,2801507756","21,2675915715"
2002-09-25,"33,618854","61,8178528772","22,0777988922"
2002-09-26,"4,682272","58,0859370254","21,6189590823"
2002-09-27,"23,616739","58,9200261334","21,8576064670"
2002-09-28,"3,376109","48,7545925738","27,4392190792"
2002-09-29,"10,375643","55,0542983219","20,9736477734"
2002-09-30,"30,568463","42,8024829059","26,4181341368"
2002-10-01,"61,925705","79,9372057877","28,5646131627"
2002-10-02,"21,536891","60,1867381198","28,9194276584"
2002-10-03,"59,477600","78,4557391521","24,8512259057"
2002-10-04,"48,711916","58,2501807342","22,0557768456"
2002-10-05,"27,434952","60,9229033384","20,4860026368"
2002-10-06,"65,937043","64,4641428054","21,5072210059"
2002-10-07,"35,414811","54,6808585195","20,1242500940"
2002-10-08,"13,647574","55,3371082762","28,0558596865"
2002-10-09,"64,003101","56,4826832224","21,8527043840"
2002-10-10,"23,958868","56,9590669567",
2002-10-11,"55,274868","74,3228552350","28,2223781369"
2002-10-12,"74,635374","55,3258099258","29,4981495465"
2002-10-13,"84,254234","78,3858380652","21,0293499913"
2002-10-14,"36,162729","58,7665673927","28,8120264022"
2002-10-15,indisponivel,"54,9884905238","22,0343242354"
2002-10-16,"89,573187","63,7363713883","29,6904135484"
2002-10-17,"42,493200","60,8903268457","28,4721633274"
2002-10-18,"57,808084","72,3393004079","22,0367174564"
2002-10-19,"50,963339","56,9694511769","23,9545845912"
2002-10-20,"35,605161","73,9404255023","21,8300261328"
2002-10-21,"22,038623","52,7340897904","26,6628371994"
2002-10-22,"52,778559","55,0044774910","29,9954271136"
2002-10-23,"45,704260","57,2462670968","21,9245700461"
2002-10-24,"63,107903","57,0227485835","28,7328261439"
2002-10-25,"98,820981","77,1563268674","26,1494771942"
2002-10-26,"97,811721","66,8080160481","28,1974040838"
2002-10-27,"33,709300","76,7319704516","25,7929010034"
2002-10-28,"57,982072","57,7458554677","25,1146272146"
2002-10-29,"35,875111","66,9947381743","29,6817541164"
2002-10-30,"36,053708","58,5866571314","23,0570354361"
2002-10-31,"17,720247","59,4007639088","21,8934273783"
2002-11-01,"56,828831","66,6058000280","29,4176685099"
2002-11-02,"81,857497","53,9549445016","23,7579278349"
2002-11-03,"89,917132","69,8545243154","23,7233313607"
2002-11-04,"97,673584","70,9306868343","29,2756931733"
2002-11-05,"97,385168","55,1772067906","27,5789711955"
2002-11-06,"24,801960","77,8635182310","24,8722143241"
2002-11-07,"93,199104","67,8279090037",
2002-11-08,"98,068401","54,4074245527","26,7023101407"
2002-11-09,"21,282727","78,5914122667","21,8109432692"
2002-11-10,"38,911554","52,0900297727","27,4067580681"
2002-11-11,"60,016475","50,6709631948","24,2893735097"
2002-11-12,"69,484266","76,7010509981","23,4882871211"
2002-11-13,"46,899515","52,1711914795","25,9863837601"
2002-11-14,"32,977936","52,0913242994","20,5243343916"
2002-11-15,"67,753977","69,8771825929","23,2829667139"
2002-11-16,"75,851643","64,6275201902","21,1089265783"
2002-11-17,"92,063837","63,3436107648","28,0606974517"
2002-11-18,"80,658968","56,1214469265","25,8671583907"
2002-11-19,"14,741616","70,0531461558","25,6317564613"
2002-11-20,"84,918390","54,1658599426","25,7289086681"
2002-11-21,"69,428925","77,5772432927","27,4092045309"
2002-11-22,"17,096649","63,1676596564","24,7587678394"
2002-11-23,"59,289534","52,7956066528","27,4233389773"
2002-11-24,"81,221421","78,2487857044","21,2105839422"
2002-11-25,"15,007669","75,6110517742","24,9469934302"
2002-11-26,"83,993710","61,5998767689","24,2923858220"
2002-11-27,"57,084708","66,7769641704","28,9284937314"
2002-11-28,"82,776696","54,6900308784","21,3650450582"
2002-11-29,"45,743888","76,9384956246","28,6958665727"
2002-11-30,"47,255258","57,8619786282","24,8828753496"
2002-12-01,"234,017327","89,5466971846","28,6245842015"
2002-12-02,"276,293695","83,4695723445","34,3662847825"
2002-12-03,"126,039788","80,9697587053","30,7845767591"
2002-12-04,"57,846788","72,7658511212","25,6013951958"
2002-12-05,"277,348549","69,3812100993","33,4130666835"
2002-12-06,"175,656833","83,2315766484","30,0512884353"
2002-12-07,"153,458648","64,8045940080","25,5670978299"
2002-12-08,"154,478163","72,3783438727","37,2498210209"
2002-12-09,"267,232246","93,2294588649","36,2189422710"
2002-12-10,"170,453187","69,6306308643","37,6638002482"
2002-12-11,"213,160444","70,0410240971","33,0352122991"
2002-12-12,"195,563653","69,7404638318","25,4397731290"
2002-12-13,"275,017214","65,0830743777","33,5014872222"
2002-12-14,"100,888309","82,0694495763","31,0510611142"
2002-12-15,"257,743853","71,3435302386","35,2305237494"
2002-12-16,"272,889307","90,4332070590","30,0726285089"
2002-12-17,"199,836494","66,2115585703","26,5602100849"
2002-12-18,"212,744781","92,2642170578","31,8649743502"
2002-12-19,"98,533703","68,1793776518","33,8484481887"
2002-12-20,"285,382107","66,6418839678","33,1172355428"
2002-12-21,"278,596573","84,6917781379","37,4308828845"
2002-12-22,"126,007497","80,2804252676","29,0739414474"
2002-12-23,"198,961190","84,2800726114","36,2898145168"
2002-12-24,"161,932855","91,5654377304","33,0393738903"
2002-12-25,"74,763082","69,2449146308","29,9448698598"
2002-12-26,"170,453704","92,0201611124","26,7591846234"
2002-12-27,"78,520899","65,3025783367","32,5324551862"
2002-12-28,"268,865264","61,2827257806","36,1478601352"
2002-12-29,"91,429706","70,9383988857","36,6928599549"
2002-12-30,"107,137291","82,3765229683","31,4419087740"
2002-12-31,"83,986494","64,9515248907","29,1342134651"
2003-01-01,"180,394771","88,8229642565","32,5372862165"
2003-01-02,"171,524161","94,1572633347","32,3304954574"
2003-01-03,"103,245114","63,8227226211","35,6904180032"
2003-01-04,"78,990350","88,9758886168","29,1058915943"
2003-01-05,"141,042754","77,4662722364","30,4499153667"
2003-01-06,"269,632406","65,9222998336","28,8129436091"
2003-01-07,"295,342676","67,5738922828","35,8038984377"
2003-01-08,"88,751163","60,9546358154","28,1116788910"
2003-01-09,"164,890380","80,8910767792","35,0239816199"
2003-01-10,"286,360613","89,9908535641","37,5113600196"
2003-01-11,"208,337968","69,0115612819","35,3153798218"
2003-01-12,"59,307677","71,9340739561","37,7741712576"
2003-01-13,"107,292588","80,5019453802","37,0655136155"
2003-01-14,"70,154264","72,6570055374","37,6776275139"
2003-01-15,"192,436627","86,0287975568","28,7456754639"
2003-01-16,"81,319022","81,9119083623","34,0008178746"
2003-01-17,"240,260798","94,2120198571","29,1077684274"
2003-01-18,"298,166820","60,0009801822","27,1816147469"
2003-01-19,"83,769470","92,1248310523","25,9593570286"
2003-01-20,"98,904030","88,3000551057","25,5209175186"
2003-01-21,"194,882039","81,6662811191","26,1282103736"
2003-01-22,"220,735364","67,8431747768","36,1343998467"
2003-01-23,"74,252761","72,9325658977","27,4680530176"
2003-01-24,"292,973718","89,9352068446","31,6905298182"
2003-01-25,"250,505726","81,3079092428","28,4225653599"
2003-01-26,"82,363125","76,3835297244","26,6761365470"
2003-01-27,"126,308714","67,6862027948","37,4922185505"
2003-01-28,"253,490114","90,4303499209","32,0068909762"
2003-01-29,"215,843061","63,6068111263","31,6324654486"
2003-01-30,"245,387740","78,2310572110","25,5564964237"
2003-01-31,"201,067715","71,6187790002","29,5602532789"
2003-02-01,"182,932541","64,4680732512","32,1018555380"
2003-02-02,"155,486905","80,5640699109","31,7082645761"
2003-02-03,"243,461181","83,1429737243","26,9640615924"
2003-02-04,"247,863976","89,4849707522","36,3032708309"
2003-02-05,"194,742004","90,1077870086","30,0963432095"
2003-02-06,"114,747804","77,6644997718","32,6455630275"
2003-02-07,"114,711688","87,3897077934","33,2875529072"
2003-02-08,"53,193420","82,2790382372","25,7753821978"
2003-02-09,"220,818060","79,9489666126","29,8979006641"
2003-02-10,"57,404679","87,5327665036","28,1608144557"
2003-02-11,"112,681540","82,3707454244","37,0148806739"
2003-02-12,"108,036985","61,1042324850","34,6891712887"
2003-02-13,"98,279881","82,3156488672","35,5735325031"
2003-02-14,"117,625537","86,4688013091","33,0364438978"
2003-02-15,"67,165949","90,6518489818","36,9628656292"
2003-02-16,"126,355901","77,5335974795","34,9502865206"
2003-02-17,"218,148905","71,3387457422","28,2313117068"
2003-02-18,"87,811215","89,1356212471","37,7328090348"
2003-02-19,"181,663500","77,0291560680","33,1305463501"
2003-02-20,"210,710607","77,3492082339","34,2335857327"
2003-02-21,"266,211211","83,6426233423","26,9550890603"
2003-02-22,"240,329966","81,5149782232","34,0756284980"
2003-02-23,"108,616273","84,3178272063","33,9467095380"
2003-02-24,"239,505068","68,6877687703","30,1254734018"
2003-02-25,"130,331092","69,4892486089","30,0389173425"
2003-02-26,"172,235701","67,8113885689","34,7354897776"
2003-02-27,"217,088586","70,4699144243","33,0965970140"
2003-02-28,"134,609563","91,9937846092","35,2704677937"
2003-03-01,"145,578622","82,0179312209","26,5697939217"
2003-03-02,"90,908088","84,6219542449","25,8832391322"
2003-03-03,"243,633244","90,1458587104","27,7833222609"
2003-03-04,"286,030306","93,3665313396","25,6658823705"
2003-03-05,"99,750958","66,4076639947","26,4714442736"
2003-03-06,"180,188098","65,9169370616","20,2058534996"
2003-03-07,"290,967632","79,7472175243","23,0493602193"
2003-03-08,"190,459222","88,5419402467","27,3611093600"
2003-03-09,"247,882219","94,5518030988","22,1024226695"
2003-03-10,"261,014265","86,2778951911","23,1752690877"
2003-03-11,"173,808075","63,7259475328","28,0922189329"
2003-03-12,"164,710732","92,2166973780","24,5563131253"
2003-03-13,"250,510096","63,9235987485","27,3432672042"
2003-03-14,"125,086539","91,4401081869","24,6628214904"
2003-03-15,"77,349222","68,8553061993","24,8611888594"
2003-03-16,"284,345405","92,3202403443","22,4569444259"
2003-03-17,"83,340964","64,3368467061","26,1591413027"
2003-03-18,"90,940449","60,2533186345","22,8105800000"
2003-03-19,"159,793323","63,6509388553","25,6235861471"
2003-03-20,"195,228118","76,1728727206","29,3312839868"
2003-03-21,"108,537549","77,5452166629","25,1335192607"
2003-03-22,"213,558449","76,5280300418","24,2485433736"
2003-03-23,"67,384964","72,9226470675","22,0825020184"
2003-03-24,"185,701316","75,8026550554","20,7424331710"
2003-03-25,"103,038917","92,5737890264","20,3406344195"
2003-03-26,"239,436375","90,2312231759","25,3491508130"
2003-03-27,"181,766035","86,5260315375","20,6096227887"
2003-03-28,"151,248969","94,7654770895","23,6341981371"
2003-03-29,"62,925857","87,1906495122","23,0118827785"
2003-03-30,"115,854005","93,2694149262","24,4093937907"
2003-03-31,"290,097120","91,1497859901","27,5712136435"
2003-04-01,"21,298795","59,0156227908","27,0830792746"
2003-04-02,"68,641977","68,7159654253","22,0663849087"
2003-04-03,"61,866863","72,2128543671","24,3923534685"
2003-04-04,"18,315504","53,1623962676","23,5401531728"
2003-04-05,"58,616293","51,6735526043","21,3357876319"
2003-04-06,"53,598596","72,4845336688","29,7523520218"
2003-04-07,"85,521509","74,5686583737","22,4109553261"
2003-04-08,"55,694436","79,0239272288","26,9062602861"
2003-04-09,"73,100063","68,2040195899","29,2273854326"
2003-04-10,"66,471624","70,0501562187","27,4636758375"
2003-04-11,"41,419396","51,6381068668","23,5861082368"
2003-04-12,"44,037350","64,8117059665","24,2630323984"
2003-04-13,"67,047604","69,3903916506","21,2056943584"
2003-04-14,"72,469337","70,8576443418","23,0854306302"
2003-04-15,"74,747211","71,9402050098","22,6626501019"
2003-04-16,"88,085204","53,5765850174","21,3837282479"
2003-04-17,"10,754601","76,8747998028","23,8162141007"
2003-04-18,"75,232607","73,5294295370","23,8439685395"
2003-04-19,"98,000642","50,8433485805","23,9915280153"
2003-04-20,"73,496862","66,0014035940","24,1326729208"
2003-04-21,"42,127380","79,6028608119","28,3667028087"
2003-04-22,"11,648702","62,4125969594","28,0882103417"
2003-04-23,"66,975329","67,3192740346","23,5038171306"
2003-04-24,"99,106391","79,4796249701","21,9600136201"
2003-04-25,"66,991748","52,2774422260","22,0770483466"
2003-04-26,"82,616685","54,0529400245","24,1244224867"
2003-04-27,"63,587133","66,1954937478","24,9219826338"
2003-04-28,"30,001557","52,4880545104","24,0746550254"
2003-04-29,"49,238609","74,0461952271","24,7838067548"
2003-04-30,"28,789304","59,2821613624","24,3974547552"
2003-05-01,"62,533314","72,8997148481","28,9789552723"
2003-05-02,"24,443445","58,6496578675","23,2567086330"
2003-05-03,"90,423082","53,0938718273","22,1723173307"
2003-05-04,"65,222502","64,4000621368","28,0650255993"
2003-05-05,"34,352846","72,8909734687","29,6702592684"
2003-05-06,"88,642945","73,0855078923","24,3767740123"
2003-05-07,"42,087221","78,2562337052","27,7394202584"
2003-05-08,"70,960514","52,3572156754","20,0976842588"
2003-05-09,"14,704123","61,7426292109","28,2864905602"
2003-05-10,"54,295328","68,9729908737","29,0209319431"
2003-05-11,"80,544311","76,8602967943","29,3303588854"
2003-05-12,"73,671151","54,3460583175","29,0842300471"
2003-05-13,"34,800681","75,9693204240","20,7435530023"
2003-05-14,"41,682766","63,4367117280","24,0240975486"
2003-05-15,"72,055643","67,9918837636","20,1897742538"
2003-05-16,"28,711371","53,3905349519","22,2758585228"
2003-05-17,"70,989558","73,3022732705","24,6420755393"
2003-05-18,"69,336916","67,9053152095","20,7782320283"
2003-05-19,"79,422564","53,2757483807","25,2493279366"
2003-05-20,"42,191072","75,9635275921","23,4110236885"
2003-05-21,"84,886463","70,7128930658","28,6022560048"
2003-05-22,"52,840195","61,5010465990","20,5633342803"
2003-05-23,"77,994440","50,8587994820","28,2724915602"
2003-05-24,"71,640627","79,4253429227","23,3558959936"
2003-05-25,"39,707906","67,0837714600","23,4028841877"
2003-05-26,"71,057510","53,3155885011","26,0752384897"
2003-05-27,"73,438236","53,7726507433","23,2886245310"
2003-05-28,"12,175684","68,2636620374","24,8085940303"
2003-05-29,"39,942697","67,7642842208","24,8902561606"
2003-05-30,"38,161430","75,4745164314","20,8126028542"
2003-05-31,"48,971810","56,8125585491","29,9619531891"
2003-06-01,"15,779270","46,3618309982","15,8182163156"
2003-06-02,"5,149409","68,3486892068","22,5893571858"
2003-06-03,"8,843725","67,0293241322","24,4023048442"
2003-06-04,"42,389685","62,4215221760","22,6720499665"
2003-06-05,"35,560399","58,8053545058","17,4820803499"
2003-06-06,"9,700301","52,3815294291","23,4796925659"
2003-06-07,"18,389824","60,5017464844","15,4302408945"
2003-06-08,"35,590816","60,4406441882","23,5247931158"
2003-06-09,"35,190872","40,3441546903","18,9276024387"
2003-06-10,"35,801070","52,1218360523","21,3602010289"
2003-06-11,"17,863201","63,5643074639","17,1842727848"
2003-06-12,"11,326429","62,7449508651","17,5164039533"
2003-06-13,"12,394508","53,6236420712","20,1440494886"
2003-06-14,"22,613828","45,5100800351","23,4024598597"
2003-06-15,"21,639798","57,6020677110","14,6766119998"
2003-06-16,"29,014120","44,8732214536","15,1928095373"
2003-06-17,"0,168009","56,4573606826","15,3427757812"
2003-06-18,"18,112178","69,7060602633","19,4440667943"
2003-06-19,"10,504963","56,0239497644","17,9093479159"
2003-06-20,"34,614168","69,9148332851","23,3163258207"
2003-06-21,"27,423209","50,2540944465","22,2374291141"
2003-06-22,"18,811985","61,8564660597","20,7546256924"
2003-06-23,"5,184505","42,4802180885","15,5409927479"
2003-06-24,"24,455425","40,7414731054","18,7297271597"
2003-06-25,"8,030850","48,3936052555","15,1235311205"
2003-06-26,"16,978460","63,9017772238","23,4296571873"
2003-06-27,"2,487181","67,6102305757","21,3909486070"
2003-06-28,"33,050404","51,0246567397","15,0977202747"
2003-06-29,"30,501779","50,2463679296","15,6172396799"
2003-06-30,"20,185136","67,8610512105","24,5474569608"
2003-07-01,"30,187916","46,6087387204","16,6265486537"
2003-07-02,"19,747497","64,9929369324","18,5535832467"
2003-07-03,"1,099229","41,9593599925","23,0817978618"
2003-07-04,"1,057717","49,6891146008","23,6975911389"
2003-07-05,"19,488662","63,4203709645","23,7726305096"
2003-07-06,"12,035377","55,9483781101","14,4878981304"
2003-07-07,"25,913645","69,9090810856","21,7827982602"
2003-07-08,"15,659989","40,7885504762","19,5080987760"
2003-07-09,"2,721172","45,1858159100","15,9987970604"
2003-07-10,"18,113688","56,6765319914","23,1503506301"
2003-07-11,"3,556098","60,9391882180","14,4969308224"
2003-07-12,"18,376513","60,6806372424","19,9028171335"
2003-07-13,"38,897692","64,2751380639","17,1850253706"
2003-07-14,"33,441011","43,9067066794","23,6932954316"
2003-07-15,"37,292257","53,0729373290","15,9521096535"
2003-07-16,"21,921374","59,1076562546","21,4277587992"
2003-07-17,"10,758886","44,9172836169","19,5977160417"
2003-07-18,"6,860147",indisponivel,"24,8681960371"
2003-07-19,"44,435396","67,8250193740","21,5861667913"
2003-07-20,"40,006691","64,0000746184","24,2637880347"
2003-07-21,"18,469699","54,4344741501","17,0266608864"
2003-07-22,"48,749003","57,6715094249","19,8599999489"
2003-07-23,"49,320009","55,7758100599","19,7543941065"
2003-07-24,"6,802059","69,8701538445","16,0011466469"
2003-07-25,"19,894324","41,1763919534","15,9784617614"
2003-07-26,"33,959261","58,0269449490","17,1752060185"
2003-07-27,"15,366105","55,3994472226","21,1272164689"
2003-07-28,"40,588671","41,4257703951","18,0393716185"
2003-07-29,"6,893655","61,9477004142","24,5342911900"
2003-07-30,"36,166505","44,6524704129","15,6014339623"
2003-07-31,"19,242437","54,9664059433","17,4812319947"
2003-08-01,"28,322864","42,7744388017","20,2916726965"
2003-08-02,"35,181236","62,5332147973","23,9166507535"
2003-08-03,"5,766841","43,0368136847","21,7021631993"
2003-08-04,"21,691895","47,9288055451","19,9005114960"
2003-08-05,"41,478163","50,2539060397","20,7939381904"
2003-08-06,"21,166586","56,8689611641","19,2103257964"
2003-08-07,"39,660589","46,0213559512","18,9871329699"
2003-08-08,"24,274275","62,5616665463","19,1672553393"
2003-08-09,"18,730350","67,7691153642","22,0700637605"
2003-08-10,"6,485365","42,6469051242","22,6290101852"
2003-08-11,"49,886411","65,1937242980","16,0565527456"
2003-08-12,"44,598951","50,7640582861","15,8928990784"
2003-08-13,"15,778957","40,6991262695","24,4799160075"
2003-08-14,"33,264528","64,0425613630","23,5151297845"
2003-08-15,"12,324228","53,1668756429","23,0695732359"
2003-08-16,"16,953471","63,8701885846","16,2800619138"
2003-08-17,"1,589877","54,5502996905","23,9385529431"
2003-08-18,"0,614210","50,6277126636","19,2854257934"
2003-08-19,"33,443792","52,2826163225","19,1883993860"
2003-08-20,"26,221903","69,8458158081","15,2920615226"
2003-08-21,"37,561740","61,5703292192","16,9305647501"
2003-08-22,"4,743904","60,7039697334","18,2498890144"
2003-08-23,"45,242383","50,8104114476","24,9994294447"
2003-08-24,"47,301062","63,4059900992","14,3269213575"
2003-08-25,"38,104747","48,4601860855","14,9238599012"
2003-08-26,"5,548223","67,7809518124","23,4604798530"
2003-08-27,"9,295299","40,4596778643","20,3192137681"
2003-08-28,"26,026256","58,2229046881","19,3637218665"
2003-08-29,"20,676571","44,4547403100","18,6855637272"
2003-08-30,"3,108271","44,6999494049","22,6387263532"
2003-08-31,"2,043191","46,4582102332","21,4527060438"
2003-09-01,"1,362652","52,5425593338","20,7671975663"
2003-09-02,"30,113689","58,0410479195","22,5045762567"
2003-09-03,"17,700799","51,6401585870","20,1717093807"
2003-09-04,"7,340968","50,4923099426","20,8210636161"
2003-09-05,"46,987737","58,3086944994","28,9222537309"
2003-09-06,"1,300055","61,3836692165","22,4684786586"
2003-09-07,"36,112964","46,0621928812","25,3828556532"
2003-09-08,"27,580918","52,8058172160","20,9476279147"
2003-09-09,"16,414105","49,1992025392","24,4472348147"
2003-09-10,"46,609456","40,7081793518","26,5882339829"
2003-09-11,"6,847521","54,0155481338","27,9059040540"
2003-09-12,"39,042304","58,4397469723","29,7104471767"
2003-09-13,"17,040521","53,9259118302","29,1452238714"
2003-09-14,"33,639027","47,3870856205","20,6112518550"
2003-09-15,"25,405260","45,9571492994","28,4597409568"
2003-09-16,"43,478590","54,7036048599","20,8092628703"
2003-09-17,"32,578385","42,4272248732","28,4534037819"
2003-09-18,"10,295144","45,1485909627","25,2604744108"
2003-09-19,"3,174140","58,9407070175","20,4303807744"
2003-09-20,"49,223726","54,0896400295","28,6322653669"
2003-09-21,"0,733823","69,4148276601","21,3974298771"
2003-09-22,"31,004361","43,9023472969","23,1053900725"
2003-09-23,"9,910533","63,0115794238","20,4875391918"
2003-09-24,"13,555926","67,3059372402","27,5442233831"
2003-09-25,"8,341824","42,7498266232","27,8268892110"
2003-09-26,"49,365888","53,5032809641","27,0257089412"
2003-09-27,"16,017040","47,1652620670","28,9552837086"
2003-09-28,"5,712315","62,5176242619","24,4910925439"
2003-09-29,"26,187132","59,0821298818","23,7537216488"
2003-09-30,"34,489368","65,8450290531","22,6198003047"
2003-10-01,"47,761617","70,5723537385","20,9978168146"
2003-10-02,"84,290421","78,6987433605","21,7467151100"
2003-10-03,"19,307936","73,6357837548","28,8077866056"
2003-10-04,"43,215205","59,9879084250","22,6294441182"
2003-10-05,"93,361834","66,9879338010","25,9239245200"
2003-10-06,"21,836353","75,7919913941","28,0354930211"
2003-10-07,"10,543145","62,2001552391","24,0260221161"
2003-10-08,"41,737211","69,1072008466","26,1007391143"
2003-10-09,"69,314838","67,2890093193","24,1713705625"
2003-10-10,"91,615109","70,1788136547",indisponivel
2003-10-11,"92,625840","65,3145638619","26,3608489074"
2003-10-12,"18,001212","63,2947130437","21,9474999089"
2003-10-13,"72,018369","56,0757328833","25,4955626214"
2003-10-14,"46,715225","51,7801136435","23,4020089458"
2003-10-15,"45,683307","60,2874048872","29,0581543144"
2003-10-16,"10,624883","63,6261730573","24,0192973600"
2003-10-17,"67,839543","78,2215330541","23,8482739088"
2003-10-18,"99,651685","72,7305288486","20,6747985824"
2003-10-19,"96,379518","55,5663316976","25,0188871596"
2003-10-20,"10,313376","79,7303609191","20,1063080241"
2003-10-21,"80,760247","79,2966958346","29,4619072124"
2003-10-22,"63,680267","59,7294979074","23,6827267279"
2003-10-23,"99,021865","78,3607528398","29,2450605583"
2003-10-24,"73,016297","75,7390481353","28,6913003360"
2003-10-25,"31,418689",,"20,5127702595"
2003-10-26,"54,992145","53,6348789960","21,6097715981"
2003-10-27,"89,947325","64,7324704534","24,3815987770"
2003-10-28,"17,041618","55,6135019156","22,1308458264"
2003-10-29,"73,267084","75,6206473509","25,6376452812"
2003-10-30,"26,798985","56,8429042636","26,0708320349"
2003-10-31,"23,795689","72,4551456255","20,7317379700"
2003-11-01,"14,189006","74,1140640268","22,9455340233"
2003-11-02,"40,978697","75,4218625775","24,0511929633"
2003-11-03,"39,362929","50,9183853036","22,0791225669"
2003-11-04,"19,240675","65,3797197067","25,9427189308"
2003-11-05,"99,865871","51,0550018703","22,0650190243"
2003-11-06,"54,076424","71,7440545764","29,9036880921"
2003-11-07,"44,085694","66,1969809036","23,1958841452"
2003-11-08,"29,960934","72,9937605320","21,7767369409"
2003-11-09,"49,426950","60,8145127419","23,5862228958"
2003-11-10,"26,989708","62,6591686799","22,7161903561"
2003-11-11,"10,138699","76,1340334759","24,6255660850"
2003-11-12,"85,892919","72,4018718429","28,0289506832"
2003-11-13,"85,674065","74,0800059277","27,2573295035"
2003-11-14,"28,213806","58,5611513926","29,7112418772"
2003-11-15,"50,000859","77,8828207448","26,4288144732"
2003-11-16,"13,407902","68,6195361613","29,0106504168"
2003-11-17,"23,219162","59,6139836882",
2003-11-18,"70,659991","75,5936692140","29,1761360168"
2003-11-19,"70,481295","70,8316256397","29,2841944012"
2003-11-20,"27,139999","52,6388389995","20,6616232154"
2003-11-21,"32,979979","60,5986166221","21,1873785992"
2003-11-22,"20,942225","60,3955150696","23,0312364718"
2003-11-23,"33,704078","70,6388482272","23,6310820586"
2003-11-24,"72,942848","71,8032755020","28,4916375350"
2003-11-25,"16,120896","65,9383886701","23,7701340881"
2003-11-26,"48,291741","65,9736487483","26,3047656467"
2003-11-27,"86,297891","77,1536558391","26,1489695257"
2003-11-28,"33,524270",indisponivel,"29,4510070034"
2003-11-29,"82,947276","61,5180155996","23,9245218626"
2003-11-30,"36,657647","55,2971841482","26,5153162580"
2003-12-01,"289,976610","79,7383650704","31,8398868295"
2003-12-02,"198,078100","82,4008643511","28,1980530394"
2003-12-03,"168,444877","64,7689261971","30,1803417111"
2003-12-04,"261,338918","81,8986481036","35,2143926717"
2003-12-05,"111,126548","71,9383835298","36,8473200823"
2003-12-06,"148,830504","90,8280393050","32,4824424065"
2003-12-07,"217,514935","85,2601560408","34,1775195268"
2003-12-08,"252,069702","79,1307324715","32,4030477883"
2003-12-09,"99,064691","69,3352777385","29,9747826315"
2003-12-10,"62,304181","67,4699213119","35,8172247066"
2003-12-11,"156,894417","66,9584533189","34,8828933220"
2003-12-12,"87,285162","69,9705708387","33,4639752772"
2003-12-13,"275,975038","91,4994889061","29,0803273298"
2003-12-14,"134,123935","63,2526670680","37,2224794146"
2003-12-15,"102,766237","70,1128533407","30,5320600056"
2003-12-16,"280,554690","68,5138084220","28,8290788147"
2003-12-17,"150,032177","66,8487969332","36,7381817468"
2003-12-18,"147,892766","83,8882312923","35,3221011632"
2003-12-19,"250,198680","77,7453795940","33,2859458121"
2003-12-20,"145,348130","93,7890229052","32,1001193184"
2003-12-21,"128,819614","62,3902918252","32,2093327660"
2003-12-22,"213,637487","86,0738595823","32,4391947692"
2003-12-23,"104,474893","66,0570032881","30,2323661806"
2003-12-24,"280,200717","79,6484963508","27,2968921639"
2003-12-25,"105,321655","69,5138565499","36,1709860907"
2003-12-26,"144,811879","75,5785642462","34,0963009718"
2003-12-27,indisponivel,"67,0140021889","36,6104317925"
2003-12-28,"211,983277","60,7997991422","30,2771003906"
2003-12-29,"270,757706","69,8793438322","30,1213450867"
2003-12-30,"237,353903","90,7009479747","28,7548282580"
2003-12-31,"250,337006","83,5407855549","31,7670135919"
2004-01-01,"114,020393","89,4440206026","33,0051879272"
2004-01-02,"255,980183","90,8631005552","34,2769207037"
2004-01-03,"230,446571","92,0794181417","29,0842664225"
2004-01-04,"205,165475","72,4964490281","36,2825363010"
2004-01-05,"296,747709","84,7513908153","33,6905450076"
2004-01-06,"235,517306","66,2322554250","35,2176978883"
2004-01-07,"52,477883","77,5865303575","36,5834449496"
2004-01-08,"109,235069","92,6626610590","33,0950959880"
2004-01-09,"230,762848","68,9129044867","36,4945790259"
2004-01-10,"268,539422","92,1030321203","28,3841605488"
2004-01-11,"218,854175","78,4563676777","26,4452766776"
2004-01-12,"114,935188","93,2243438304","26,0203795222"
2004-01-13,"90,318282","82,4750866724","31,5059615552"
2004-01-14,"101,228453","84,9855604572","33,7281225816"
2004-01-15,"283,877201","93,1164996487","31,3982362326"
2004-01-16,"153,410184","90,7090742145","34,8455155650"
2004-01-17,"108,297819","83,0633915782","26,0589008271"
2004-01-18,"157,321039",,"29,1866170112"
2004-01-19,"181,306326","60,9284555801","26,7661830763"
2004-01-20,"90,326304","65,2568703153","25,4010925862"
2004-01-21,"72,873659","87,8421184431","31,4980108757"
2004-01-22,"197,350360","65,1409451997","25,1063047634"
2004-01-23,"170,602600","77,2035951810","25,5725021782"
2004-01-24,"163,701906","90,6984686819","36,0307290411"
2004-01-25,"134,142340","76,5952582879","26,8416740191"
2004-01-26,"281,794456","68,7715085065","25,7261115652"
2004-01-27,"179,694012","84,7659910120","35,9903338012"
2004-01-28,"197,376182","65,9216289609","28,6084150838"
2004-01-29,"141,345111","76,2766335163","33,8417340474"
2004-01-30,"59,427662","91,6331397703","25,3940028876"
2004-01-31,"166,760678","62,2747633945","26,3117020699"
2004-02-01,"229,098550","72,2306092826","37,2191244900"
2004-02-02,"186,679389","63,6151919515","25,6048928383"
2004-02-03,"229,300492","81,2202905753","32,7759409073"
2004-02-04,"60,791535","70,8934985601","29,1190398616"
2004-02-05,"280,264089","86,2065431540","30,3000822449"
2004-02-06,"137,000749","75,8516328208","29,9629920819"
2004-02-07,"97,869345","61,5859364085","37,5355505372"
2004-02-08,"78,909607","83,0863441841","32,2706218346"
2004-02-09,"131,286516","88,8932539590","30,7925875571"
2004-02-10,"57,925112","69,8059151245",indisponivel
2004-02-11,"165,077987","88,3821059150","33,4184618582"
2004-02-12,"190,552830","81,1100947256","30,2269295051"
2004-02-13,"294,117596","60,2392024663","35,9283556593"
2004-02-14,"64,424460","70,7674883314","30,3071979103"
2004-02-15,"54,576022","92,2534119211","29,5424161166"
2004-02-16,"141,047880","89,2798308655","32,7048817053"
2004-02-17,"130,638174","60,6361380642","37,7875923225"
2004-02-18,"54,181496","89,9865376444","36,3659081286"
2004-02-19,"154,821393","85,5893923063","29,7869464079"
2004-02-20,"201,505260","64,6482688477","32,3711683359"
2004-02-21,"75,921356","72,4776550631","37,0203959854"
2004-02-22,"188,358499","93,3102481568","31,5557931478"
2004-02-23,"50,256837","92,0990679610","37,7820566821"
2004-02-24,"122,349859","69,4732685126","27,8387506230"
2004-02-25,"181,742679","70,5493166048","28,7295187711"
2004-02-26,"95,453513","86,6274407535","32,6875721486"
2004-02-27,"181,780270","88,0198820882","27,5928080979"
2004-02-28,"148,086782","87,1586629433","25,1793700234"
2004-02-29,"281,738874","83,8125878420","33,6940356014"
2004-03-01,"284,621842","62,1087137140","21,4104278244"
2004-03-02,"142,793640","82,1151491596","24,5568347205"
2004-03-03,"266,851829","90,9692525082","23,7898761236"
2004-03-04,"106,167863",,"29,2376723438"
2004-03-05,"287,788910","75,5163734674","29,9080359102"
2004-03-06,"171,874460","62,6941133959","21,5958286784"
2004-03-07,"90,593195","92,3455384765","21,3427142450"
2004-03-08,"162,582208","75,8036825121","20,6126421778"
2004-03-09,"217,475799","75,2201613480","28,1775249433"
2004-03-10,"177,085821","83,0607328270","22,6151921689"
2004-03-11,"177,447400","77,1589751582","26,8729335879"
2004-03-12,"265,677076","67,5825634956","20,4890391525"
2004-03-13,"118,712807","70,9508761673","22,0516783974"
2004-03-14,"76,502439","80,1007999099","25,9144202605"
2004-03-15,"105,944032","72,9531479408","23,3515190712"
2004-03-16,"237,418202","93,6000581223","20,3693087340"
2004-03-17,"229,916120","82,1636733559","29,4672822064"
2004-03-18,"202,838903","64,1366122518","29,5517603671"
2004-03-19,"139,444657",indisponivel,"23,2927086979"
2004-03-20,"281,617763","90,3881330462","26,7808138062"
2004-03-21,"235,164432","72,7355287816","23,8865691939"
2004-03-22,"229,251394","76,0747709136","20,6992822633"
2004-03-23,"287,378146","68,4704005324","22,5600280184"
2004-03-24,"77,762428","77,1541042422","21,7627101461"
2004-03-25,"188,865676","92,1081338384","28,1569350769"
2004-03-26,"157,070939","80,5449785089","21,4284741069"
2004-03-27,"139,922262","80,8220142696","28,8145444681"
2004-03-28,"246,273633","75,3702910880","26,4212489875"
2004-03-29,"54,962186","90,2637720095","22,5379253819"
2004-03-30,"272,955463","80,8534171673","21,1918757945"
2004-03-31,"120,285556","70,1390275933","25,9796047349"
2004-04-01,"44,182923","70,9785404757","24,9104069060"
2004-04-02,"29,936204","68,4405471398","22,8254230818"
2004-04-03,"50,765837","71,2239175598","28,0401339497"
2004-04-04,"27,019215","50,0297271657","27,1632097190"
2004-04-05,"48,652232","54,7714521110","23,3166598107"
2004-04-06,"99,626868","66,2538529295","22,9816139707"
2004-04-07,"68,363694","72,6928569172","28,0498071593"
2004-04-08,"29,888277","54,4899876316","28,7434546887"
2004-04-09,"36,846338","53,9901741460","25,6889134471"
2004-04-10,"86,336583","73,7574855467","27,8537920799"
2004-04-11,"21,800210","70,4655745646","24,8656179007"
2004-04-12,"42,481935","58,8553608839","28,7745422020"
2004-04-13,"36,914344","59,0987216214","24,9377833709"
2004-04-14,"29,870296","61,1366916294","21,9433602704"
2004-04-15,"84,589883","53,8564198145","24,4798733577"
2004-04-16,"41,143147","52,1398834725","27,9808240391"
2004-04-17,"89,716525","74,8270240689","27,9873644378"
2004-04-18,"69,382118","51,8747766222","28,0458470491"
2004-04-19,"36,186907","72,1076956621","27,6952548157"
2004-04-20,"36,751603","60,7899756097","21,7997707745"
2004-04-21,"91,032018","53,7802596030","20,0778981546"
2004-04-22,"40,089586","65,1035888755","27,8394404818"
2004-04-23,"82,274221","72,0199421834","20,8435091410"
2004-04-24,"89,762325","62,2764799906","24,1161395502"
2004-04-25,"49,042602","63,4699641551","24,9550757497"
2004-04-26,"61,670447","79,2179047272","22,3611492674"
2004-04-27,"62,039019","66,3710568535","25,1580603998"
2004-04-28,"17,048417","77,0152073119","22,2497637923"
2004-04-29,"85,292836","77,8282310301","23,7283395694"
2004-04-30,"45,734949","52,3714448791","25,4216725631"
2004-05-01,"85,288403","64,4927344250","23,5044295218"
2004-05-02,"13,456874","67,4447217277","24,5734983857"
2004-05-03,"77,132824","76,1806451514","27,4691177526"
2004-05-04,"45,678042","66,7804414611","24,0522983508"
2004-05-05,"54,796013","67,3501934399","25,4271722731"
2004-05-06,"90,662788","51,3627672227","24,3095168736"
2004-05-07,"70,317210","79,8710009143","26,2703628976"
2004-05-08,"56,019399","60,9306940423","22,0209222944"
2004-05-09,"91,640215","55,3674894688","24,7708336410"
2004-05-10,"52,796640","72,9514032248","23,7018163914"
2004-05-11,"95,727811",,"22,6821086615"
2004-05-12,"98,600632","73,1279524838","28,4547164675"
2004-05-13,"40,368682","61,4837839346","29,1125597448"
2004-05-14,"86,226704","63,8471179379","26,5852873139"
2004-05-15,"96,728561","79,6706857358","28,9782032080"
2004-05-16,"64,571203","72,1235044685","24,7232044801"
2004-05-17,"14,366810","78,9786656993","20,7829671577"
2004-05-18,"34,027775","54,9774532894",indisponivel
2004-05-19,"75,686687","77,9404115754","22,2665622846"
2004-05-20,"12,664504","76,9964885164","22,8045057125"
2004-05-21,"96,815397","76,7365130998","29,6122652033"
2004-05-22,"97,951965","61,9229115950","20,6550452068"
2004-05-23,"25,683219","57,8983729763","24,7574712024"
2004-05-24,"82,792695","66,4542120499","29,8241060405"
2004-05-25,"20,095685","78,2507853101","26,3058999448"
2004-05-26,"63,682043","58,8683107691","20,3921906487"
2004-05-27,"13,186344","72,6059544166","24,5150833129"
2004-05-28,"49,108916","54,2708644661","27,3400279934"
2004-05-29,"74,047339","74,1234876288","27,7472207529"
2004-05-30,"10,573084","79,4676847610","21,6036910163"
2004-05-31,"60,296800","53,0567200713","26,5247332744"
2004-06-01,"31,905920","68,9824730156","16,4870317791"
2004-06-02,,"42,9065757094","24,8569059281"
2004-06-03,"19,789154","41,4364791346","19,7718620393"
2004-06-04,"23,144406","59,6663351487","23,2635620163"
2004-06-05,"37,836198","47,5257243686","18,3904096639"
2004-06-06,"43,844695","51,7500157407","18,2250385900"
2004-06-07,"18,986404","58,0141757768","22,6097219632"
2004-06-08,"1,677495","67,9571509699","14,9836782539"
2004-06-09,"35,251008","48,3551810924","23,2938439769"
2004-06-10,"15,309033","63,6390427599","24,2202912903"
2004-06-11,"28,708784","57,6112099688","18,6864931010"
2004-06-12,"49,391759","68,5883493556","14,1851635657"
2004-06-13,"24,175078","47,0445595252","18,3578293876"
2004-06-14,"7,502053","64,2648234149","19,9970948416"
2004-06-15,"25,846081","53,6727945310","20,0707011366"
2004-06-16,"15,082427","50,4107359484","15,2790417261"
2004-06-17,"2,047273","45,9858109400","24,2644569611"
2004-06-18,"6,257282","56,1745054194","17,5994794927"
2004-06-19,"20,518700","45,9322605742","20,8953131873"
2004-06-20,"41,052552","46,4401347445","15,0538031863"
2004-06-21,"11,753594","64,9633152683","23,8230753852"
2004-06-22,"30,059010","58,1543492661",indisponivel
2004-06-23,"11,800832","60,2140567920","16,0743183368"
2004-06-24,"22,836598","55,7616129443","24,8807209664"
2004-06-25,"33,048086","43,4809773795","21,5118620781"
2004-06-26,"35,259879","58,0021936288","18,7849573804"
2004-06-27,"34,927683","66,5473928937","20,8700220222"
2004-06-28,"17,052538","52,9322840981","18,0811202879"
2004-06-29,"28,131199","67,8270177669","15,7015053360"
2004-06-30,"23,729902","69,4332372504","19,0079048316"
2004-07-01,"15,681235","45,8587900826","21,7570693646"
2004-07-02,"22,453002","51,5017644871","24,4627633599"
2004-07-03,"33,432648","63,6293790923","20,6958410425"
2004-07-04,"8,657238","40,5586910546","16,7996346841"
2004-07-05,"46,184328","55,9619513943","17,4534486818"
2004-07-06,"37,469564","42,0140397012","14,2542933699"
2004-07-07,"6,612749","63,1075922417","15,5889834848"
2004-07-08,"33,439858","55,6648124427","19,1181025062"
2004-07-09,"4,607062","59,3759619407","18,8123627720"
2004-07-10,"48,482680","53,0384495250","18,5320558947"
2004-07-11,"29,071862","49,2580315098","23,7757527347"
2004-07-12,"43,135487","54,5302243204","14,3946504423"
2004-07-13,"33,737786","58,1858863598","17,8910221506"
2004-07-14,"37,062134","40,5418482886","16,4184213177"
2004-07-15,"29,603691","59,0231432685","24,7476551635"
2004-07-16,"16,474767","60,8454437693","22,7318302046"
2004-07-17,"25,192338","54,1044348469","17,5300537201"
2004-07-18,"42,464551","56,2013462590","22,1291519977"
2004-07-19,"37,525974","56,9214144651","20,5496680701"
2004-07-20,"48,706616","63,1918392637","24,2182032637"
2004-07-21,"26,019430","63,5881621085","16,6394119075"
2004-07-22,"40,409005","69,5590626710","19,8796523269"
2004-07-23,"14,065382","51,1783687406","14,6789268532"
2004-07-24,"27,516964","49,1411452253","23,2231566002"
2004-07-25,"10,589460","57,6332724754","21,5462452245"
2004-07-26,"45,655768","63,0504804755","22,3221534325"
2004-07-27,"13,093089","55,2426745754","21,9855992230"
2004-07-28,"12,329625","63,9197411806","23,5132511466"
2004-07-29,"39,498745","43,3495438618","22,8538199413"
2004-07-30,"6,844428","62,3107897879","20,8400928154"
2004-07-31,"28,828387","65,0441022916","14,4720947678"
2004-08-01,"41,223197","67,9226019857","23,4107792684"
2004-08-02,"36,056683","60,8776974366","22,9761876739"
2004-08-03,"31,468101","59,6818191862","21,5135968757"
2004-08-04,"33,784294","67,7206928050","20,1425237305"
2004-08-05,"11,471099",,"24,6703611154"
2004-08-06,"25,433045","40,5007567704","18,5065957001"
2004-08-07,"10,486978","42,9885716037","19,9093110400"
2004-08-08,"31,117340","68,0807970343","21,8375221547"
2004-08-09,"2,751880","56,4018777801","16,4296671351"
2004-08-10,"16,689219","43,0265930300","16,8068988058"
2004-08-11,"26,367135","41,8774985569","15,0462236609"
2004-08-12,"35,435551","42,3666209955","20,1794798373"
2004-08-13,"10,815656","69,5998460274","14,7028967805"
2004-08-14,"19,888995","41,4414366678","17,8937307512"
2004-08-15,"9,012888","59,0708164994","21,7298906189"
2004-08-16,"6,784892","61,7920047830","23,3749995114"
2004-08-17,"6,240864","56,8681193041","23,4629668943"
2004-08-18,"12,635221","52,3714582608","19,7887467571"
2004-08-19,"1,326698","46,7904872464","21,3032268707"
2004-08-20,"43,765355","57,9188264598","24,4167113173"
2004-08-21,"0,447375","58,3735425422","20,7952040130"
2004-08-22,"49,965786","58,0891115958","21,3504882105"
2004-08-23,"48,985796","44,8601363746","17,6262577001"
2004-08-24,"42,057203","50,3151380066","20,3998561875"
2004-08-25,"47,641278","50,2357503752","21,1113557494"
2004-08-26,"8,544403","60,0833668016","15,3813099161"
2004-08-27,"3,031477","49,0820201783","15,3402936119"
2004-08-28,"17,853122","45,1102649995","14,6510585017"
2004-08-29,"27,966979","52,3499127830","23,0860815368"
2004-08-30,"46,777670","66,2456150979","21,3320432653"
2004-08-31,"7,121967","52,1786077948","22,7963744707"
2004-09-01,"25,037859","66,3540282600","20,2787595464"
2004-09-02,"17,625314","62,8926801597","25,2651984570"
2004-09-03,"47,767660","51,6221038544","23,7382403250"
2004-09-04,"39,156136","57,5824239963","22,9942825191"
2004-09-05,"21,749847","49,4807305692",
2004-09-06,"9,032706","43,0399310077","25,2317679149"
2004-09-07,"2,503758","59,3970804453","29,0500514411"
2004-09-08,"28,060308","58,6972526827","24,2978930822"
2004-09-09,"39,759612","68,1770443116","25,2466099720"
2004-09-10,"29,269523","53,1664690604","23,5779000660"
2004-09-11,"47,038503","59,2661775060","27,3033036613"
2004-09-12,"23,822374","40,4866630468","28,9123303272"
2004-09-13,"14,307807","40,0877789799","29,1092862434"
2004-09-14,"16,790524","64,1379529282","21,4832483188"
2004-09-15,"40,068476","43,7900996983","22,3141616202"
2004-09-16,"29,054914",indisponivel,"26,7365192382"
2004-09-17,"46,042151","49,5908082977","28,0638606883"
2004-09-18,"18,266558","53,3553313196","22,5087203638"
2004-09-19,"12,959834","47,3108457569","21,8732899539"
2004-09-20,"35,731095","58,8353568654","27,2678834376"
2004-09-21,"1,705223","59,5401458227","29,1580452635"
2004-09-22,"19,358184","69,3616493258","20,2265579747"
2004-09-23,"41,194021","65,6962116157","29,1380903435"
2004-09-24,"4,799369","57,6079793888","21,8139813057"
2004-09-25,"16,535166","60,7711501967","23,3370809011"
2004-09-26,"47,246408","68,0016557688","28,3585813852"
2004-09-27,"18,638423","43,3099234381","27,0078663749"
2004-09-28,"1,676752","50,4266409884","21,3015942987"
2004-09-29,"39,580928","51,8779259942","24,7952604011"
2004-09-30,"44,473444","56,8009099433","24,6000129040"
2004-10-01,"61,706659","54,0201268406","24,6528336016"
2004-10-02,"62,616322","52,7426843444","28,5326635176"
2004-10-03,"70,610250","74,4739017928","29,7642286265"
2004-10-04,"33,807290","71,6909736018","24,3650661492"
2004-10-05,"80,515444","52,8724836759","26,8617832305"
2004-10-06,"84,951206","61,9758156296","27,2703350518"
2004-10-07,"12,919210","65,2105220160","26,7538082621"
2004-10-08,"62,243166","72,9303859148","20,4789633641"
2004-10-09,"42,136151","71,7404211530","29,1248741517"
2004-10-10,"67,486469","63,2347116115","22,5693296932"
2004-10-11,"77,430021","74,4255571306",indisponivel
2004-10-12,"48,568741","55,5536538952","21,5534471340"
2004-10-13,"98,885913","79,9673762678","20,2733527573"
2004-10-14,"84,455562","73,7009285220","26,5532251686"
2004-10-15,"57,524706","51,4330606276","20,0136855636"
2004-10-16,"69,789468","71,9423309759","26,3545401358"
2004-10-17,"50,655359","74,4447156620","25,5411296567"
2004-10-18,"54,916832","50,8729868500","25,6948668203"
2004-10-19,"66,859331","76,5925053877","22,6495280206"
2004-10-20,"31,606223","77,1672144660","27,0966443481"
2004-10-21,"37,614421","79,9809548949","23,7112202874"
2004-10-22,"70,834631","58,9675811273","26,6070473133"
2004-10-23,"82,512585","69,9169964609","28,3021015019"
2004-10-24,"78,050011","70,3517853181","29,2129849715"
2004-10-25,"68,707588","52,0313523762","29,2349674188"
2004-10-26,"18,733875","70,7594685720","29,4638770161"
2004-10-27,"23,526835","54,8602296952","20,2825812846"
2004-10-28,"75,978512","72,9134587152","22,7650054380"
2004-10-29,"14,199174","59,5382253933","23,5051301604"
2004-10-30,"74,496547","68,2339118341","23,4410780364"
2004-10-31,"79,284615","73,2619010615","27,6247941134"
2004-11-01,"20,259709","53,9758775407","23,9684322830"
2004-11-02,"26,959133","71,7780049970","21,5922976956"
2004-11-03,"50,846128","59,5679235568","27,9940188065"
2004-11-04,"68,175553","75,2860036064","27,9547237745"
2004-11-05,"89,885790","77,1993701814","29,1559302558"
2004-11-06,"75,942153","66,1126697813","25,2947698699"
2004-11-07,"36,719998","71,7126390111","25,7239550192"
2004-11-08,"80,521408","71,8592740232","27,9339709275"
2004-11-09,"96,586516","59,7462435270","24,1014878622"
2004-11-10,"98,058049","75,4193604144","23,4387885464"
2004-11-11,"15,517521","65,7890532261","25,4347327139"
2004-11-12,"14,863684","77,6622492371","26,0864166424"
2004-11-13,"29,886415","70,6629890220","27,0103648765"
2004-11-14,"61,114743","54,5875707968","28,6730025680"
2004-11-15,"21,533180","78,1084669440","26,6691009671"
2004-11-16,"55,519135","58,3643881030","22,1202503012"
2004-11-17,"13,904318","58,9552142649","27,8329598997"
2004-11-18,,"53,0025478954","20,5189038044"
2004-11-19,"11,658549","76,8494784890","20,2836457249"
2004-11-20,"45,983069","63,1969119982","29,4139694373"
2004-11-21,"41,291545","64,8822936832","28,3777159311"
2004-11-22,"72,337920","52,1373859582","27,9928353956"
2004-11-23,"19,986603","65,8710452925","26,6151253388"
2004-11-24,"70,895204","78,6748938738","23,7445027744"
2004-11-25,"64,797403",indisponivel,"25,4354463449"
2004-11-26,"42,959241","50,5887403150","24,3082244354"
2004-11-27,"94,968365","77,0033482018","20,2780464717"
2004-11-28,"71,588760","51,8387068687","28,0270008032"
2004-11-29,"93,637778","54,9510176949","23,3845265840"
2004-11-30,"82,771198","78,0726537237","22,1127502300"
2004-12-01,"57,845202","74,8547311948","30,0653486924"
2004-12-02,"214,375513","76,1513435086","29,9774356415"
2004-12-03,"102,560188","89,2561346800","25,3769168733"
2004-12-04,"275,194746","78,7415551851","26,2921282597"
2004-12-05,"193,947069","89,5235283293","29,9311550906"
2004-12-06,"254,218531","68,9742950165",
2004-12-07,"101,290492","72,7762529428","26,7183304979"
2004-12-08,"80,283648","89,5593929091","27,5324846116"
2004-12-09,"50,301780","65,9579320687","30,1060455888"
2004-12-10,"239,384142","93,6610405767","25,1137576488"
2004-12-11,"162,125859","87,5767605552","30,1368186337"
2004-12-12,"76,013315","73,6231178409","33,1132423962"
2004-12-13,"100,427675","92,8541388491","27,4882912824"
2004-12-14,"115,291413","78,5166136373","30,9142245151"
2004-12-15,"164,786507","61,6724480823","36,6965195002"
2004-12-16,"157,441354","64,3085055368","34,4847936722"
2004-12-17,"167,240205","63,5827634448","34,8111325106"
2004-12-18,"84,910583","63,5597465804","26,5771186962"
2004-12-19,"52,564721","86,3284614794","32,3163960574"
2004-12-20,"194,916322","68,1791143826","34,6039538919"
2004-12-21,"261,829897","65,5575243764","34,6821139791"
2004-12-22,"171,074158","72,7821474919","27,6757003671"
2004-12-23,"170,059808","91,9992083710","26,0243199872"
2004-12-24,"157,527911","74,8160052230","33,5308678689"
2004-12-25,"68,441994","89,7778365197","32,2414921645"
2004-12-26,"127,607230","69,8133588131","36,0168960301"
2004-12-27,"117,277482","83,9676052694","31,1035633157"
2004-12-28,"109,605025","73,3488094101","34,3959998066"
2004-12-29,"98,320149","67,3833984154","26,7302332922"
2004-12-30,"107,786635","92,4243704818","25,3167796932"
2004-12-31,"100,261973","60,8288474332","29,2591902188"
2005-01-01,"77,916770","80,1581132010","25,0329938644"
2005-01-02,"135,713676","93,5681168202","29,1227895860"
2005-01-03,"273,056948","65,0973033439","33,7729216054"
2005-01-04,"261,611920","84,7675866428","27,7586582906"
2005-01-05,"64,101022","89,5377787261","37,3709498026"
2005-01-06,"138,838387","65,6188957400","25,9195998750"
2005-01-07,"273,805646","88,0506570693","26,3432776517"
2005-01-08,"217,076357","91,9618847395","27,0813814863"
2005-01-09,"80,775106","88,7114472694","34,7943669945"
2005-01-10,"75,974106","72,8979281660","28,0916155511"
2005-01-11,"68,023552","66,8620800516","25,9341501467"
2005-01-12,"163,184075","88,8414767923","36,1198131220"
2005-01-13,"271,047440","66,6774126376","31,0151996669"
2005-01-14,"281,626229","92,7773391467","34,6410127987"
2005-01-15,"137,557532","67,3405539271","27,0759338831"
2005-01-16,"122,179576","72,9023323666","33,0476510744"
2005-01-17,"82,506700","85,5582147848","34,0823688114"
2005-01-18,"229,727743","84,5636930463","36,1712250908"
2005-01-19,"198,226024","84,4400399621","32,2327560472"
2005-01-20,"131,696728",,"34,0190980266"
2005-01-21,"92,852345","61,1648593350","34,2580981605"
2005-01-22,"151,915792","61,5560236723","28,1243140020"
2005-01-23,"291,070031","62,5656149741","36,8448855910"
2005-01-24,"128,636147","72,5473316717","28,3907142023"
2005-01-25,"55,285462","83,1788265626","30,0444447024"
2005-01-26,"103,129271","80,3216588424","26,4529133211"
2005-01-27,"148,870479","78,9462403029","33,6423123540"
2005-01-28,"112,936830","63,6065435313","27,7845232848"
2005-01-29,"252,411367","85,7003255849","34,4381281135"
2005-01-30,"100,059445","78,1664192790","29,9707216626"
2005-01-31,"157,112974","94,9540488369","32,4454232709"
2005-02-01,indisponivel,"83,7238858312","30,5840338258"
2005-02-02,"156,129718","75,5135671725","34,2886024135"
2005-02-03,"299,575800","92,1455202817","31,0912575470"
2005-02-04,"213,388584","68,7230145024","29,5847462587"
2005-02-05,"170,203410","75,8399223897","37,3302968753"
2005-02-06,"142,484118","89,9257115404","25,0107006951"
2005-02-07,"55,346808",indisponivel,"26,8382162621"
2005-02-08,"137,224010","92,9208693693","25,5990752434"
2005-02-09,"122,415100","87,8214917287","30,6354013034"
2005-02-10,"254,269651","71,8912770741","36,7040959606"
2005-02-11,"58,026963","76,0815931614","32,5732328927"
2005-02-12,"261,703705","76,0993537497","26,6889246526"
2005-02-13,"295,369640","88,8551868883","25,6356023859"
2005-02-14,"142,085589","86,3040596186","37,2426772584"
2005-02-15,"202,758050","78,9452268073","32,8912211212"
2005-02-16,"298,871278","78,9620239713","34,5985454569"
2005-02-17,"205,148892","94,4043567820","30,8685812794"
2005-02-18,"79,198804","82,5385975309","32,5132039762"
2005-02-19,"171,999245","73,4198523075","27,9647071947"
2005-02-20,"84,800521","94,7534306167","29,3103830622"
2005-02-21,"180,090424","91,6735225961","29,2406096828"
2005-02-22,"199,609906","73,7155794905","25,1624012522"
2005-02-23,"245,291216","61,5992031284","34,3017577621"
2005-02-24,"63,801024","67,4025225661","33,3412391513"
2005-02-25,"269,881060","79,8289119416","31,6476032383"
2005-02-26,"113,742519","87,6220159951","27,8316189392"
2005-02-27,"113,526928","69,4261238113","36,6949915908"
2005-02-28,"193,828365","66,2377890747","32,6496555320"
2005-03-01,"103,242935","80,2419832417","22,9083350923"
2005-03-02,"106,027300","62,7936030013","25,4427626956"
2005-03-03,"245,974075","79,9949493432","26,9790676578"
2005-03-04,"157,317665","92,3368403950","25,0488812691"
2005-03-05,"236,457283","64,6303968949","20,1838530263"
2005-03-06,"140,530003",indisponivel,"28,3786024800"
2005-03-07,"155,629775","88,0943711917","20,0477075466"
2005-03-08,"285,956132","64,8733803929","20,5765419622"
2005-03-09,"205,341587","65,9533839964","28,3078128816"
2005-03-10,"170,018432","78,6750754351","20,3555423009"
2005-03-11,"214,619597","76,7874359785","24,0592308867"
2005-03-12,"286,550664","77,3913479779","26,8067471565"
2005-03-13,"256,289441","76,1876676237","23,2328586731"
2005-03-14,"208,808548","87,3493407230","23,8135162301"
2005-03-15,"93,799923","60,5610478742","25,4386953062"
2005-03-16,"202,478874","86,3656755531","23,3933059654"
2005-03-17,"279,644076","83,8947367205","26,3991324490"
2005-03-18,"93,251259","79,3492687399","22,8868198401"
2005-03-19,"276,919713","84,9020011291","28,6737536763"
2005-03-20,"252,455996","71,1619353928","22,5735978452"
2005-03-21,"270,536435","75,5123150823","21,5905259207"
2005-03-22,"207,529706","80,0591397932","25,1222433703"
2005-03-23,"218,023768","72,5386934210","24,0219836990"
2005-03-24,"98,667419","80,8848312036","21,8440711867"
2005-03-25,"74,965572","87,0271935370","25,3645362431"
2005-03-26,"202,968156","68,9421380052","26,7461347912"
2005-03-27,"52,485225","70,2660625045","24,8458238392"
2005-03-28,"156,959515","71,6795539356","20,9724085169"
2005-03-29,"173,790575","87,9105457966","22,8372070886"
2005-03-30,"232,659038","71,0532604662","28,1111453940"
2005-03-31,,"83,7233113008","28,3136389214"
2005-04-01,"87,035984","74,1591665700","23,5189534376"
2005-04-02,"86,785583","64,3952547615","24,9248747942"
2005-04-03,"18,794111","79,2308687868","28,3167526587"
2005-04-04,"74,074771","53,9306523649","20,4766594468"
2005-04-05,"16,723317","71,3448394427","20,7915789711"
2005-04-06,"71,776796","74,4740722445","27,6705280047"
2005-04-07,"75,867208","72,6318589430","27,2270940793"
2005-04-08,"84,466071","77,6607988463","22,1441633673"
2005-04-09,"65,391985","60,6358692571","27,0893716651"
2005-04-10,"56,979371","64,0524558353","25,3788082491"
2005-04-11,"70,683588","64,3780441748","29,8362437728"
2005-04-12,"98,647259","55,0787573168","23,6757325628"
2005-04-13,"39,008391","56,3978462495","20,6045535292"
2005-04-14,"22,994065","60,6987593547","26,6371342424"
2005-04-15,"97,990660","68,0926175819","22,1193879407"
2005-04-16,"58,512595","55,8703933610","27,4979861194"
2005-04-17,"42,239933","72,7583592351","28,7568521352"
2005-04-18,"11,821534","50,6622516815","26,4553734539"
2005-04-19,"12,971061","72,1174680705","22,3469839958"
2005-04-20,"70,301175","71,4456158344","26,8883479416"
2005-04-21,"58,921014","51,9240278001","25,9247920402"
2005-04-22,"70,576127","55,2720395746","27,0946382023"
2005-04-23,"55,538563","53,0855837120","26,6688129831"
2005-04-24,"91,627988","54,2714555170","29,2004883697"
2005-04-25,"62,840995","50,0025042291","20,2475782563"
2005-04-26,"88,029979","51,8827060506","27,1547227800"
2005-04-27,"69,225807","55,7628463699","26,6641920823"
2005-04-28,"59,902866","72,7358809270","21,2078230605"
2005-04-29,"78,318836","61,8776016173","26,9427085006"
2005-04-30,"90,918768","78,5055004706","28,5632705613"
2005-05-01,"99,395738","64,3887049289","21,1394226867"
2005-05-02,"18,016516","78,0868489430","22,0029918032"
2005-05-03,"45,473626","63,7291923341","20,1620909500"
2005-05-04,"98,995513","51,2079269466","24,0984486062"
2005-05-05,"61,840656","61,5039263747","29,6305306849"
2005-05-06,"66,893886","65,5542442999","20,4098083493"
2005-05-07,"31,656889","53,3303844259","24,4834870579"
2005-05-08,,"58,1957488211","27,6380572130"
2005-05-09,"90,610918","61,6221433957","25,6869530686"
2005-05-10,"97,866248","55,7921524822","22,4186178079"
2005-05-11,"98,615669","55,3836728083","23,0643593457"
2005-05-12,"33,323842","74,9006898120","26,1459275217"
2005-05-13,"37,496855","68,7819408598","21,7542248531"
2005-05-14,"81,488810","62,1022156054","24,2858677432"
2005-05-15,"75,755794","69,6078291071","21,8770962028"
2005-05-16,"92,631628","53,9587271576","29,1622863548"
2005-05-17,"62,657937","58,2450768079","21,5476705135"
2005-05-18,"32,503719","77,9208920138","24,8830545282"
2005-05-19,"74,437340","79,7133538058","26,8109990098"
2005-05-20,"64,259208","67,2086123579","29,5527312900"
2005-05-21,"55,219364","65,9549792960","27,1196857746"
2005-05-22,"18,000834","73,4643089214","27,7336373443"
2005-05-23,"83,760396","60,1772225524","23,8943667220"
2005-05-24,"58,198093","64,5034464808","26,7830469768"
2005-05-25,"63,430173","50,2337841267","25,1849697322"
2005-05-26,indisponivel,"55,0738622833","21,5568689641"
2005-05-27,"35,112767","59,0926271937","27,0879213265"
2005-05-28,"69,349556","67,9427684180","29,7822194773"
2005-05-29,"71,081313","61,9833615646","26,5473693050"
2005-05-30,"38,779619","74,4233383335","25,8449190943"
2005-05-31,"35,316347","60,9987561150","24,8792057091"
2005-06-01,"5,888425","45,7184153644","16,1675178373"
2005-06-02,"22,076540","68,3555989337","15,2705853422"
2005-06-03,"24,614566","64,5882303850","21,8712487694"
2005-06-04,"18,109250","56,9109309753","21,2022536543"
2005-06-05,"12,985348","45,1900711478","23,1794914964"
2005-06-06,"1,937295","66,1202766188","21,2289621740"
2005-06-07,"38,275241","55,9021069493","24,8602233362"
2005-06-08,"14,063112","49,7200434035","17,3283836508"
2005-06-09,"15,615099","56,6974422670","21,3353570487"
2005-06-10,"40,782053","46,7236407069","20,2987424324"
2005-06-11,"38,692242",indisponivel,"23,6589567826"
2005-06-12,"5,536136","40,3190558562","21,9144778088"
2005-06-13,"3,541403","53,6139146354","24,4137596473"
2005-06-14,"14,038023","44,2869103801","15,4002697537"
2005-06-15,"40,020369","53,3029190163","24,8375603916"
2005-06-16,"33,420175","63,5424033714",
2005-06-17,"41,420018","47,3187757420","17,0898463844"
2005-06-18,"25,263513","45,8704659053","14,4425879322"
2005-06-19,"46,786611","43,4017059376","20,0215577055"
2005-06-20,"24,191101","58,2613844590","18,9830534987"
2005-06-21,"5,523343","67,8434733244","15,5081514670"
2005-06-22,"22,079722","59,9760806799","21,5766787220"
2005-06-23,"5,966835","60,5690536329","23,5497223333"
2005-06-24,"28,608320","47,9521787254","20,4469168561"
2005-06-25,"34,651373","47,1561975998","23,6918078496"
2005-06-26,"30,013298","56,7946123788","23,0763087775"
2005-06-27,"12,475615","59,3970004993","21,4516743302"
2005-06-28,"5,977425","68,5524674688","22,7423031627"
2005-06-29,"18,231223","44,6979327443",indisponivel
2005-06-30,"41,664153","69,2296906439","22,4204290161"
2005-07-01,"7,566757","69,6451644956","17,1267921098"
2005-07-02,"21,848969","68,4298715964","18,9025258446"
2005-07-03,"30,753599","67,5248346662","22,7720210373"
2005-07-04,"8,150282","69,2346261051","23,5352321862"
2005-07-05,"21,455978","60,8105333708","24,5402782202"
2005-07-06,"3,943438","46,1518528825","16,7771260673"
2005-07-07,"16,220584","67,7262473272","17,5466646116"
2005-07-08,"49,841043","48,5215048282","24,5133112248"
2005-07-09,"8,257753","61,2174509263","24,9601001226"
2005-07-10,"34,791871","56,6937736948","18,7097789588"
2005-07-11,"41,452509","65,7946788439","17,0847577281"
2005-07-12,"35,272962","60,2349595493","14,6928422365"
2005-07-13,"4,489794","57,8136909081","22,9976768579"
2005-07-14,"3,749900","43,8695910327","19,9537187790"
2005-07-15,"37,753692","46,7402670587","20,9543193650"
2005-07-16,"19,510454","42,7931010731","22,8069976203"
2005-07-17,"6,686466","52,1855905871","21,6687194146"
2005-07-18,"11,958403","61,1825293781","19,8610571045"
2005-07-19,"44,561086","66,1633325882","16,4468115765"
2005-07-20,"7,057130","41,1937826010","15,3630461242"
2005-07-21,"4,607482","55,7435825879","23,7238377585"
2005-07-22,"28,453181","57,5962662096","20,9233623935"
2005-07-23,"10,784847","59,1500841275","15,9248361871"
2005-07-24,"3,357195","58,8056511261","16,6394454917"
2005-07-25,"39,446388","50,5609422025","24,3988965880"
2005-07-26,"30,593441","64,5539749089","18,4106379181"
2005-07-27,"14,592709","52,9738941749","18,1715055857"
2005-07-28,"31,390633","47,2538741089","17,3021559528"
2005-07-29,"48,673179","59,3427539283","15,3263981382"
2005-07-30,"12,688471","65,4327105066","20,3982350408"
2005-07-31,"48,028207","44,8070282599","17,0493415220"
2005-08-01,"48,890017","59,9287105570","18,8939150465"
2005-08-02,"13,990560","44,5139402460","19,8504558852"
2005-08-03,"31,403751","56,7276484066","17,6469074287"
2005-08-04,"30,890031","50,0955097820","24,6242524109"
2005-08-05,"7,156053","57,8889624460","22,4193303794"
2005-08-06,"22,125591","57,5019435541","22,7782323202"
2005-08-07,"48,638175","46,4492176823","14,1091337694"
2005-08-08,"21,037079","62,7869598258","23,3939881244"
2005-08-09,"4,821269","43,1479036395",
2005-08-10,"28,145553","55,1970029677","22,0433113007"
2005-08-11,"32,397163","67,6652503265","22,3657541344"
2005-08-12,"23,795315","47,9112812322","23,3296103027"
2005-08-13,"15,290555","54,7879913373","17,3442748119"
2005-08-14,"28,364345","47,1049438449","15,8219295623"
2005-08-15,"14,417020","61,3868565200","14,1688284677"
2005-08-16,"29,829865","50,7778617165","16,4497030573"
2005-08-17,"1,799938","42,3814089606","14,6702481915"
2005-08-18,"5,863344","64,3865311892","20,8437872779"
2005-08-19,"16,198493","61,1693658772","22,1571660775"
2005-08-20,"0,725462","67,2840745634","17,8215130841"
2005-08-21,"44,547188","52,9993727832","19,4182916007"
2005-08-22,"17,035915","66,9554454007","15,1155902478"
2005-08-23,"48,896078","62,2178915010","15,0806371893"
2005-08-24,"12,818579","56,9200366003","19,3865229878"
2005-08-25,"13,468984","44,3983278198","21,2175698572"
2005-08-26,"30,054411","56,0450052200","19,5748287061"
2005-08-27,"11,883843","44,6197088451","18,5246037811"
2005-08-28,"43,320291","48,4152517017","23,6085308733"
2005-08-29,"21,872422","47,9108574355","17,4185638367"
2005-08-30,"12,170843","40,0108773234","21,4457696246"
2005-08-31,"28,185896","53,4223418126","24,2207022818"
2005-09-01,"26,294828","46,5186183351","24,2410662981"
2005-09-02,"37,784325","59,3550552213","22,4770283583"
2005-09-03,"26,863265","62,7651836540","25,1827545993"
2005-09-04,"9,293414","47,9166420267","26,0707101476"
2005-09-05,"4,311434","54,8038687490","26,2071638728"
2005-09-06,"1,822250","51,8291270707","29,8331692738"
2005-09-07,"16,043843","40,0924237769","28,1394776730"
2005-09-08,"29,864787","57,5715409056","23,5049689615"
2005-09-09,"14,394220","50,5103931361","28,0371627646"
2005-09-10,"14,286975","65,3292349655","25,2136281303"
2005-09-11,indisponivel,"55,1553871849","20,5827182891"
2005-09-12,"35,179002","49,5137455344","21,8869612123"
2005-09-13,"20,267212","48,7713659429","27,9701570275"
2005-09-14,"13,647075","57,6355728832","25,3731526673"
2005-09-15,"19,865372","59,3500973766","24,4029308424"
2005-09-16,"44,886970","63,8403948287","29,3849600868"
2005-09-17,"47,680342","46,8583239339","29,6286696766"
2005-09-18,"41,200648","66,7292075671","27,8586906349"
2005-09-19,"13,604285","60,8871052779","26,2885477270"
2005-09-20,"30,289641","52,2444359313","22,0629879424"
2005-09-21,"37,161278","40,0872093343","22,7484978838"
2005-09-22,"7,850842","49,9918787764","26,2916401684"
2005-09-23,"8,221306","69,7934793244","21,1932079305"
2005-09-24,"27,400082","48,4591399675","23,2352057106"
2005-09-25,"24,481504","46,4802024261","28,7496153760"
2005-09-26,"25,761637","62,0120276435","24,6994102173"
2005-09-27,"45,036885","65,4017102506","27,5962774159"
2005-09-28,"39,377801","61,0727698118","23,3625905627"
2005-09-29,"7,225229","68,2003506548","28,2592658685"
2005-09-30,"23,832732","40,5879453996","21,8886071407"
2005-10-01,"17,890014","60,0343561341","22,6651262005"
2005-10-02,"73,891193","59,4252567029","21,6108227016"
2005-10-03,"20,925098","56,4256236032","29,6743877852"
2005-10-04,"88,296826","72,1688094080","20,6871188096"
2005-10-05,"81,224060","72,6892560283","24,6276205050"
2005-10-06,"72,970840","78,2004488330",indisponivel
2005-10-07,"99,045527","72,1198551843","28,3495158297"
2005-10-08,"13,836282","54,3447511704","24,1352596826"
2005-10-09,"37,695613","76,8747688815","25,4581962131"
2005-10-10,"47,050411","72,6837553432","22,8366321848"
2005-10-11,"72,794850","74,6842167714","22,3975871661"
2005-10-12,"95,024621","70,6996016639","20,8313523023"
2005-10-13,"50,025548","55,7929138973","20,9550683832"
2005-10-14,"56,287981","64,2344430758","28,7201499645"
2005-10-15,"60,038815","53,4911177435",
2005-10-16,"70,878383","50,4600050446","25,5245712167"
2005-10-17,"99,984586","52,1040658990","22,2354803030"
2005-10-18,"11,376312","79,2064782365","25,8612148203"
2005-10-19,"48,743835","62,9406216471","28,4331804252"
2005-10-20,"84,069259","70,6451451703","28,8786788254"
2005-10-21,"79,431194","75,1152028581","27,8064922073"
2005-10-22,"22,591115","66,2395289025","24,1673904709"
2005-10-23,"30,259725","69,4348948035","29,6206679663"
2005-10-24,"64,685111","64,4785108301","23,4522270884"
2005-10-25,"65,963738","55,1229268546","22,4842854308"
2005-10-26,"50,384011","59,7734213671","22,3704659022"
2005-10-27,"99,751576","65,8040158688","28,9530973625"
2005-10-28,"96,017618","56,1851985314","23,2353781221"
2005-10-29,"42,877393","54,3915528355","28,8545591244"
2005-10-30,"63,731276","50,3879264471","22,2379368761"
2005-10-31,"49,517805","77,2434240749","28,1654398970"
2005-11-01,"29,837441","75,8804321321","22,3871078906"
2005-11-02,"43,862704","51,6018286049","22,3040670155"
2005-11-03,"67,210745","57,5167534363","24,4176061486"
2005-11-04,"17,815573","79,6487492710","21,6287946916"
2005-11-05,"71,920547","56,5396636055","21,6182664425"
2005-11-06,"55,638089","52,6246453242","23,5177651709"
2005-11-07,"97,535750","53,4874693409","21,3669339745"
2005-11-08,"95,411727","63,5112239603","29,2850474322"
2005-11-09,"88,279293","73,0696523204","22,9182640450"
2005-11-10,"78,053122","65,8023343726","25,2177214618"
2005-11-11,"82,133009","62,0379147115","29,1672095455"
2005-11-12,"72,392137","74,7865990590","20,0534449748"
2005-11-13,"51,773977","70,7439796898","26,1005340806"
2005-11-14,"92,104377","55,4187814655","29,5204298364"
2005-11-15,"37,618337","56,0182472894","21,8807350374"
2005-11-16,"75,601631","79,3118076350","25,3683843115"
2005-11-17,"62,364814","62,2011335569","20,5844577950"
2005-11-18,"46,986048","76,3605822287","25,0243773499"
2005-11-19,"24,377815","57,9666448933","24,0985568487"
2005-11-20,"52,308786","59,3166797135","23,7925315048"
2005-11-21,"59,616561","50,4205454565","20,4184501726"
2005-11-22,"23,803748","51,5411000665","22,0289391266"
2005-11-23,"78,559699","76,7255629078","29,1654942763"
2005-11-24,"23,508741","63,7874590300","21,1301570948"
2005-11-25,"11,399797","53,0883247877","28,1614126673"
2005-11-26,"88,452994","63,6168846560","20,3149605944"
2005-11-27,"59,239436","59,0068844616","23,2137616310"
2005-11-28,"65,233563","63,8637233994","25,7196333739"
2005-11-29,"27,683220","55,3928805091","22,6310693041"
2005-11-30,"50,590139","58,9507887786","29,9063752593"
2005-12-01,"166,196852","66,0920751096","30,6518855256"
2005-12-02,"216,839135","66,0247246112","34,2603356754"
2005-12-03,"280,659135","77,1047096637",
2005-12-04,"212,755143","68,3321820123","36,5648299879"
2005-12-05,"74,431379","78,0537710624","32,7544697485"
2005-12-06,"62,523492","78,9055563394","31,7555128783"
2005-12-07,"225,267996","69,0322394041","25,2308847400"
2005-12-08,"91,467190","92,6311063195","27,6149303404"
2005-12-09,"111,037307","94,1103752348","33,9106540197"
2005-12-10,"290,591315",indisponivel,"34,2448627533"
2005-12-11,"52,004674","60,1110257958","25,9264386022"
2005-12-12,"214,665578","94,0476648121","28,6257352746"
2005-12-13,"109,442800","93,2905269671","32,6495416587"
2005-12-14,"128,169696","75,8332095497","26,1941144163"
2005-12-15,"108,005518","73,7621598078","37,2419256545"
2005-12-16,"171,734535","73,9862018705","36,4200224273"
2005-12-17,"269,303145","93,8960688579",indisponivel
2005-12-18,"59,904189","92,0042774294","33,5372700389"
2005-12-19,"261,357992","94,3306965316","37,8035290951"
2005-12-20,"251,245384","92,1285582470","31,6047805783"
2005-12-21,"147,346227","65,8461986717","25,0065461174"
2005-12-22,"248,681944","74,5822119815","29,0485076614"
2005-12-23,"92,596552","82,9132232261","28,2891054658"
2005-12-24,"155,251025","91,5611965846","33,9021701997"
2005-12-25,"292,888556","79,0202802411","34,4819489466"
2005-12-26,"130,955520","91,7232100406","35,9882697465"
2005-12-27,"298,310899","70,2711239181","36,2993174424"
2005-12-28,"133,583120","94,4879682306","27,0660123848"
2005-12-29,"299,764433","89,4616998150","32,6635164239"
2005-12-30,"233,139805","81,1168945445","36,2423882617"
2005-12-31,"184,102167","79,6005999045","28,1509837198"
2006-01-01,"297,779347","87,4675982704","27,6662885712"
2006-01-02,"269,489381","89,1042745092","28,5098379130"
2006-01-03,"168,061799","75,1250049401","30,6169471718"
2006-01-04,"290,808572","83,0450086966","36,3227353117"
2006-01-05,"208,545976","62,8032071463","27,0805956356"
2006-01-06,"105,263668","60,8933471605","31,0729162612"
2006-01-07,"70,846998","87,1339605349","36,2799378545"
2006-01-08,"229,370186","73,5420941244","31,6348424636"
2006-01-09,"251,047208","88,7973644708","34,8218609025"
2006-01-10,"114,094285","83,1173834757","27,6137184861"
2006-01-11,"57,409184","87,6332749870","26,9279626246"
2006-01-12,"133,369140","62,9765418985","25,9372752096"
2006-01-13,"90,949979","87,3414474803","33,6617263326"
2006-01-14,"169,588456","68,3972288216","34,3492217176"
2006-01-15,"154,052143","88,8672555738","26,9788599471"
2006-01-16,"181,623612","85,2161947517","37,9632785831"
2006-01-17,"274,915155","87,3307501974","34,1746640098"
2006-01-18,"138,565638","64,4726949725","31,4107772390"
2006-01-19,"181,968953","79,1475257201","31,2503166153"
2006-01-20,"60,670353","79,3376224627","32,4305371317"
2006-01-21,"277,003585","85,4872612122","37,0088945218"
2006-01-22,"71,131486","61,4245507738","31,2096793007"
2006-01-23,"223,582976","80,0551372200","37,2638546997"
2006-01-24,"254,600936","87,7671593135","29,4477842754"
2006-01-25,"120,549371","74,3724749337","37,1677065056"
2006-01-26,"54,658936","83,0493177995","25,4846086091"
2006-01-27,"183,829788","93,8938942888","26,8952423038"
2006-01-28,"64,809153","87,7653935548","34,6887169293"
2006-01-29,"233,118484","69,8447168933","26,8850818236"
2006-01-30,"165,305439","91,3780067297","33,4563549842"
2006-01-31,"279,635604","92,0362533662","36,2462783403"
2006-02-01,"111,403518","67,3156418235","35,5897012330"
2006-02-02,"69,837459","92,2226212839","37,3667270732"
2006-02-03,"78,569320","64,7664811349","29,6652378448"
2006-02-04,"235,448452","81,1324747432","31,3588595858"
2006-02-05,"296,803360","88,6649162455","37,3673738686"
2006-02-06,"231,816272","87,0630435170","26,9713520515"
2006-02-07,"239,964717","70,6086387607","26,4646088268"
2006-02-08,"179,021461","91,7168869629","26,4844942646"
2006-02-09,"247,403897","74,9865900495","33,5850165447"
2006-02-10,"150,789510","68,4303559511","28,8237771743"
2006-02-11,"218,722276","60,8701524982","37,0436773916"
2006-02-12,"211,859178","69,1715996423","29,2847543304"
2006-02-13,"240,105612","63,6314461350","28,2095887964"
2006-02-14,"255,650450","69,4907047236","29,5654287129"
2006-02-15,"251,002843","90,3587648370","33,9463481806"
2006-02-16,"190,971047","85,1820364327","33,0291650093"
2006-02-17,"245,334983","78,3841978955","33,1230442047"
2006-02-18,"71,479056","83,3778847807","37,0896781254"
2006-02-19,"249,275650","74,7843678569","29,6153847166"
2006-02-20,"196,520432","60,2006776762","32,0344672334"
2006-02-21,"172,000117","92,0211200668","35,2032268646"
2006-02-22,"185,869881","79,3058687337","27,1899867160"
2006-02-23,"255,407318","62,7545750746","34,1609822609"
2006-02-24,"229,640551","77,8012539029","37,8412502995"
2006-02-25,"132,483542","61,0477360261","30,4803086502"
2006-02-26,"78,376093","87,0653871008","33,2707085526"
2006-02-27,"107,663424","94,4291493866","29,6362698589"
2006-02-28,"125,327214","82,8028174000","25,8663253759"
2006-03-01,"247,187568","89,4923426683","26,3885213586"
2006-03-02,"174,247654","77,9584124647",indisponivel
2006-03-03,"188,365573","79,3500223653","28,1941140933"
2006-03-04,"272,418350","94,6847694193","25,4627435149"
2006-03-05,"69,462218","60,5550544281","28,4898565792"
2006-03-06,"204,765688","68,3625863905","29,3148105760"
2006-03-07,"152,460231","71,3736353465","22,4839036010"
2006-03-08,"99,252541","91,2775181105","23,8385232821"
2006-03-09,"177,734837","87,7448523193","23,7551605054"
2006-03-10,"182,420009","79,5793719799","28,2668768526"
2006-03-11,"234,971862","83,1443884306","24,0719037341"
2006-03-12,"285,086310","75,1612459350","21,8981224930"
2006-03-13,"140,733116","84,5487695101","27,5487725219"
2006-03-14,"250,874070","67,4210061517","21,0873261810"
2006-03-15,"215,923757","73,8346330234","26,1629762445"
2006-03-16,"133,672546","78,2462657810","29,3853592444"
2006-03-17,"224,361201","73,4572395637","27,1220605353"
2006-03-18,"248,336423","76,9672175966","21,1794831963"
2006-03-19,"285,755392","88,9517630680","24,2740070432"
2006-03-20,"77,299748","93,5362961699","27,1439100146"
2006-03-21,"226,873876","72,1359318066","22,5555849936"
2006-03-22,"92,983763","82,3341659092","25,0074940908"
2006-03-23,"222,321227","79,2216364272","24,2154037173"
2006-03-24,"118,080858","72,0878692023","20,8354135853"
2006-03-25,"228,260366","76,0311759012","28,3198098411"
2006-03-26,"126,681080","94,5393412964","22,1293614538"
2006-03-27,"210,201406","72,7986620975","27,0780090130"
2006-03-28,"156,500493","73,1100991868","25,4843376061"
2006-03-29,"130,793201","70,6057885467","25,9087229437"
2006-03-30,"94,106863","67,8787945033","26,3642763672"
2006-03-31,"237,066973","66,7002710520","22,4683429819"
2006-04-01,"54,609677","50,9925169815","20,5645197098"
2006-04-02,"71,308499","68,6453974252","27,8929907396"
2006-04-03,"51,817019","55,7490840199","28,3167885769"
2006-04-04,"31,798803","74,6151260411","20,9145009448"
2006-04-05,"73,594947",indisponivel,"27,9697484976"
2006-04-06,"23,337641","68,6092068864","20,6148177830"
2006-04-07,"88,961034","67,7202030205","22,9341799595"
2006-04-08,"42,843333","77,4806293237","27,0158089667"
2006-04-09,"42,372892","63,0253879456","28,9707911035"
2006-04-10,"28,576323","63,9596058100","23,1557465026"
2006-04-11,"41,574260","63,7790435766","24,7371507094"
2006-04-12,"97,850323","66,3347276435","24,7530749180"
2006-04-13,"58,547914","52,0159010433","24,4919317643"
2006-04-14,"85,362794","61,1529711610","22,4883900485"
2006-04-15,"99,687221","66,7053971402","29,9228985076"
2006-04-16,"61,187068","72,6323025051","25,6758217935"
2006-04-17,"41,631303","55,5401914658","23,2160056663"
2006-04-18,"72,233450","62,4384746716","28,2544787791"
2006-04-19,"19,091737","73,5606406218","27,2256107211"
2006-04-20,"77,454779","70,3309747670","23,1572329074"
2006-04-21,"46,648443","77,9750769832","20,9571955303"
2006-04-22,"87,549835","53,5925103686","20,5171727554"
2006-04-23,"13,087259","69,8703279822","25,8602713910"
2006-04-24,"83,025236","63,8847122225","27,8536685418"
2006-04-25,"12,033645","75,5446390456","25,6403036922"
2006-04-26,"28,483891","57,0498260826","25,4231439676"
2006-04-27,"59,372510","63,7309700278","26,2317078810"
2006-04-28,"24,609984","54,0087714629","22,3915335164"
2006-04-29,"48,886598","62,6133947158","28,9450608588"
2006-04-30,"62,735586","66,4472109886","26,9535241562"
2006-05-01,"95,734800","67,5120842839","23,2138309524"
2006-05-02,"84,090844","59,2634915627","22,1308959384"
2006-05-03,"82,921058","74,8103105413","22,2753487535"
2006-05-04,"94,182968","71,1018818744","29,7411713909"
2006-05-05,"21,283779","61,1047859286","26,7372569264"
2006-05-06,"46,506802","75,6920722719","25,8639437135"
2006-05-07,"44,913065","59,5693322542","22,1466984318"
2006-05-08,"76,323936","68,6197017282","27,0562459894"
2006-05-09,"65,666846","61,0621313651","24,2048671905"
2006-05-10,"96,398039","62,7684722330","21,4490212754"
2006-05-11,"40,128369","67,3849783536","24,0901137097"
2006-05-12,"42,418145","51,6977013329","26,1858600181"
2006-05-13,"41,933696","60,0191917323","28,9691007202"
2006-05-14,"16,337778","53,0081766731","27,5514214809"
2006-05-15,"61,257175","67,3913942685","20,1588014016"
2006-05-16,"76,620792","57,0401397790","28,7819803212"
2006-05-17,"52,288624","73,3800400778","29,9427520641"
2006-05-18,"51,482855","71,0261797856","28,5299132187"
2006-05-19,"38,085911","52,7266983956","23,7047628465"
2006-05-20,"85,885078","53,2894394483","26,3395162181"
2006-05-21,"45,796453","55,4623955358","26,8091089508"
2006-05-22,"78,163001","71,8082477740","26,0338050317"
2006-05-23,"51,997840","72,9604337801","21,9587784321"
2006-05-24,"49,028033","55,5624530443","22,7729856535"
2006-05-25,"90,154926","60,0752036598","23,6003597666"
2006-05-26,"34,435041","73,8525897538","23,8980824785"
2006-05-27,"78,771372","57,4146965174","29,0710850361"
2006-05-28,"80,558373","79,2228783631","21,2624057144"
2006-05-29,"14,426960","56,7935054391","22,9933954150"
2006-05-30,"38,784865","63,5155975663","27,2959796707"
2006-05-31,"19,887241","78,4392377406","27,5121986131"
2006-06-01,"27,292769","50,6792634258","24,5391597239"
2006-06-02,"48,802891","53,9278334118","15,1892002084"
2006-06-03,"11,124399","68,0811901920","23,2714617947"
2006-06-04,"46,386630","67,5301286587","16,7911087529"
2006-06-05,"32,780395","41,8193778705","24,1128791658"
2006-06-06,"9,578519","53,0794283998","24,0145610668"
2006-06-07,"46,526944","46,9264586766","18,0323116801"
2006-06-08,"19,936679","66,4543321894","20,2853105400"
2006-06-09,"43,802130","58,8267611025","22,1401109121"
2006-06-10,"40,695529","56,9209291344","22,1444457376"
2006-06-11,"30,624647","62,4973097853","14,7873397482"
2006-06-12,"23,753061","63,1915068660","16,6862966412"
2006-06-13,"26,917516","43,8479598401","21,2082424745"
2006-06-14,"17,485284","61,1528063709","16,7409660641"
2006-06-15,"43,165990","65,0083647609","18,0737885688"
2006-06-16,"34,156002","48,9117626797","19,8795431578"
2006-06-17,"2,186791","54,9608368566","15,4692599713"
2006-06-18,"2,211178","43,6607199150","20,6222852059"
2006-06-19,"16,235862","53,8382842443","23,2304153517"
2006-06-20,"27,796508","58,8306344000","23,6070238317"
2006-06-21,"33,425656","63,9764241889","15,6567760319"
2006-06-22,"10,499708","41,3300687157","19,7325159860"
2006-06-23,"47,801727","59,4394287279","16,7483770938"
2006-06-24,"39,044585","51,8123760541","24,2273819910"
2006-06-25,"42,993367","65,3461557810","18,6705687620"
2006-06-26,"49,220786","66,8812519090","18,7986303887"
2006-06-27,"41,784588","49,1213723905","18,7003533747"
2006-06-28,indisponivel,"52,0950100853","24,8784719574"
2006-06-29,"13,636306","52,7307535008","17,6148297532"
2006-06-30,"46,760942","45,1339976585","15,3384337677"
2006-07-01,"18,696802","68,6615418902","17,5074533528"
2006-07-02,"36,978984","54,0869506013","17,3722052232"
2006-07-03,"22,756605","45,6873110314","15,5441822737"
2006-07-04,"35,872930","55,8991159410","14,3574800892"
2006-07-05,"5,606323","58,1126381109",
2006-07-06,"8,120889","47,5124006878","20,7481606460"
2006-07-07,"2,274900","61,8313073692","20,0607054099"
2006-07-08,"8,363448","49,0522711536","20,4916462407"
2006-07-09,"7,898585","61,9552157175","19,2048551769"
2006-07-10,"49,195437","40,8538096326","24,9243842882"
2006-07-11,"20,267798","58,6983034313","18,1554669581"
2006-07-12,"1,263963","46,0826113887","23,0942725334"
2006-07-13,"18,255372","60,9974524669","21,0986255825"
2006-07-14,"5,057187","53,0565038077","20,2768718784"
2006-07-15,"47,454868",indisponivel,"21,0339252864"
2006-07-16,"23,851859","53,0046057690","19,4483904399"
2006-07-17,"8,531299","40,9764495714","15,3449989725"
2006-07-18,"11,037646","44,9711634376","17,3092705854"
2006-07-19,"6,044009","47,9086355076","21,5304604373"
2006-07-20,"40,328905","52,9341997190","23,5690722069"
2006-07-21,"20,815815","63,9712739235","21,1561417888"
2006-07-22,"3,388257","40,4621753643","18,5250095477"
2006-07-23,"21,517745","57,5038081852","19,8916075163"
2006-07-24,"3,950229","63,4215973842","16,6384592476"
2006-07-25,"8,421260","58,0800520925","15,4105425858"
2006-07-26,"1,530808","62,3888500678","22,4016798419"
2006-07-27,"3,572771","61,7945868465","20,9472984292"
2006-07-28,"42,129823","42,8427960247","24,9053192195"
2006-07-29,"4,219637","57,9836035376","22,9274999147"
2006-07-30,"24,228893","65,6196523048","18,7493015342"
2006-07-31,"28,450945","54,2592974366","22,1184408041"
2006-08-01,"24,863437","41,1337801791","19,0112735304"
2006-08-02,"24,854803","43,4876752749","15,7694898424"
2006-08-03,"31,079581","44,4447646972","20,3360905023"
2006-08-04,"23,214392","64,9364697160","22,3327772502"
2006-08-05,"45,935890","53,6773584046","21,4236491909"
2006-08-06,"22,347680","66,5133631011","15,2201304164"
2006-08-07,"13,698353","42,9960900621","18,7947743758"
2006-08-08,"1,066698","41,2949107247","22,5010982081"
2006-08-09,"15,419214","64,4221603059","17,4974062137"
2006-08-10,"29,984089","60,2490688108","22,4931706496"
2006-08-11,"26,525181","52,0542345481","19,8776544809"
2006-08-12,"21,457118","58,1155114358","14,7905730325"
2006-08-13,"41,579101","65,5615544189","17,8148125431"
2006-08-14,"1,715906","41,8301610374","18,7932725110"
2006-08-15,"16,977683","51,4772024497","24,1228066191"
2006-08-16,"17,138798","58,9664244099","19,5308815713"
2006-08-17,"16,993612","62,1173664804","19,1276102653"
2006-08-18,"49,220754","44,1191491598","21,5686491783"
2006-08-19,"46,735486","60,6549732623","23,7659687261"
2006-08-20,"14,648448","53,8422774324","22,6313666661"
2006-08-21,"4,605228","67,0316989741","19,8578948450"
2006-08-22,"40,304931","51,2553461436","18,5187464622"
2006-08-23,"29,833295","41,0155601380","18,3902564321"
2006-08-24,"44,897189","48,1711100196","14,4901230482"
2006-08-25,"4,987699","47,9327055411","21,0222537617"
2006-08-26,"47,035520","40,5900334777","18,6863959746"
2006-08-27,"31,044194","49,3895129181","17,2728558927"
2006-08-28,"39,653570","48,0195340860","18,9903266964"
2006-08-29,"32,105014","68,5550030582","21,8888352669"
2006-08-30,"36,171366","59,1157082673","24,6474178240"
2006-08-31,"6,814995","43,9221586228","18,3693297906"
2006-09-01,"22,732971","40,4199719579","28,7123801226"
2006-09-02,"38,731401","56,0883702724","29,1688371502"
2006-09-03,"1,209219","64,7002923528","20,5402527197"
2006-09-04,"41,076058","50,9523882433","25,8382802804"
2006-09-05,"18,731703","54,9111380887","21,7246401437"
2006-09-06,"37,013702","42,0840856009","28,9219149749"
2006-09-07,"23,372753","45,5771727968","21,8916043894"
2006-09-08,"11,073119","47,0937357452","22,2093162073"
2006-09-09,"3,263477","55,5061208027","26,4798769401"
2006-09-10,"24,750877","44,2729746586","23,8468166664"
2006-09-11,"25,957929","50,9281572614","23,5187391165"
2006-09-12,"19,668391","58,9899795339","22,1497875134"
2006-09-13,"31,666319","44,4168179666","24,0515344616"
2006-09-14,"2,991597","60,9549895154","22,1521406909"
2006-09-15,"36,655881","44,4528815662","20,4835249140"
2006-09-16,"33,545297","55,7111015790","23,2544149489"
2006-09-17,,"46,8791261476","21,0716476051"
2006-09-18,"28,588349","46,6300069773","26,9875556708"
2006-09-19,"37,624534","53,3487747695","21,3276484960"
2006-09-20,"48,980281","67,6901028833","24,3115923979"
2006-09-21,"48,643283","53,5828123439","23,2094817201"
2006-09-22,"6,226187","57,8080957740","23,7256030454"
2006-09-23,"42,268315","52,2122362875","24,5848068801"
2006-09-24,"40,050030","44,0538242720","26,3672591045"
2006-09-25,"30,049327","46,3446064734","20,6286772063"
2006-09-26,"39,846815","51,3899072608","25,3279243043"
2006-09-27,"35,205565","69,7093341168","21,8577121570"
2006-09-28,"9,736184","49,4844626181","20,3848818639"
2006-09-29,"48,797632","52,8354162125","20,7803501823"
2006-09-30,"8,853046","61,8125288983","27,1229539945"
2006-10-01,"25,798769","50,0717332961","28,5372586106"
2006-10-02,"35,077562","50,9476085249","23,7007919470"
2006-10-03,"46,171956","71,0552342635","25,6360530872"
2006-10-04,"94,519973","62,0446374645","21,4394326181"
2006-10-05,"94,788581","56,8889849224","22,6905098457"
2006-10-06,"32,116899","60,3247912976","25,3795063225"
2006-10-07,"98,259774","53,5174981548","22,6815968593"
2006-10-08,"62,238521","77,2006838695","20,0081733997"
2006-10-09,"32,900804","60,8964443962","23,3157273759"
2006-10-10,"69,610885","67,6929046347","24,0315868593"
2006-10-11,"61,328341","62,3644880261","26,4631887319"
2006-10-12,"10,480414","55,1503403841","20,5037507548"
2006-10-13,"17,747715","57,7422882408","21,8887966700"
2006-10-14,"71,893386","68,2008395599","25,7857426972"
2006-10-15,"15,196155","72,3674816438","27,8626202623"
2006-10-16,"95,640776","67,3265911166","22,9049494873"
2006-10-17,"42,272150","52,5396513718","25,7858970594"
2006-10-18,"60,058581","62,0528769128","25,2645036858"
2006-10-19,"55,092152","62,3291336521","26,3050623170"
2006-10-20,"63,546006","60,4169515939","25,5538778598"
2006-10-21,"31,287860","72,7103831595","25,3141928870"
2006-10-22,"25,714072","62,8960551722","20,3336009124"
2006-10-23,"20,201017","58,0290328948","29,2316280071"
2006-10-24,"46,997623","71,7414203328","20,7848824046"
2006-10-25,"99,408868","59,3541889836","26,0398829892"
2006-10-26,"53,796321","61,4671568878","29,0615177760"
2006-10-27,"55,948816","61,2850193668","29,5898417690"
2006-10-28,"43,581625","55,5022038907","26,7206716645"
2006-10-29,"98,782920","59,0026852514","27,6653495801"
2006-10-30,"45,898688","54,3207449604","20,7513018849"
2006-10-31,"65,396192","77,7324053544","20,0338110808"
2006-11-01,"10,160404","67,6471554002","29,9863327768"
2006-11-02,"54,598794","50,9650987222","21,4574317000"
2006-11-03,"88,093621","70,4489893629","24,4188749079"
2006-11-04,"17,139475","72,2342088491","21,2492439797"
2006-11-05,"56,388592","61,7972796309","21,0492613672"
2006-11-06,"13,972855","50,4343341770","24,9782484372"
2006-11-07,"42,537194","53,4019427553","27,3542222572"
2006-11-08,"39,387144","78,8737434424","20,6549652592"
2006-11-09,"52,368137","65,5439554393","27,0101274946"
2006-11-10,"20,229550","76,5100505787","23,6838190913"
2006-11-11,"22,906959","55,9421596545","24,1943065228"
2006-11-12,"13,459566","57,3251925350","29,7113165570"
2006-11-13,"17,461655","68,6422909829","20,0588516963"
2006-11-14,"93,037737","60,2677026237","27,6564771979"
2006-11-15,"37,737762","77,6131891580","24,5510058788"
2006-11-16,"66,587335","75,0754478710","28,3082131695"
2006-11-17,"38,293887","77,3683343387","22,8012069148"
2006-11-18,"96,990623","73,2198696757","23,0694732712"
2006-11-19,"60,496706","74,9375725349","28,1932724416"
2006-11-20,"96,137462","59,6124932751","22,0193852376"
2006-11-21,"14,885989","66,3896137227","22,0620662254"
2006-11-22,"24,939171",,"23,8685838799"
2006-11-23,"34,202709","72,2866177475","21,3153295196"
2006-11-24,"19,620026","74,7263955501","26,7072279053"
2006-11-25,"70,474840","79,2701768017","25,9247503038"
2006-11-26,"88,852323","58,3761753199","22,3238129893"
2006-11-27,"28,717121","71,3968552334","23,2227777686"
2006-11-28,"91,886443","51,7422004329","23,9320264274"
2006-11-29,"28,486259","57,1083129536","23,9280767018"
2006-11-30,"16,842140","50,6919895378","28,5130586503"
2006-12-01,"189,154238","64,3733250851","29,7841691215"
2006-12-02,"196,307595","72,5202399460","28,9350228934"
2006-12-03,"210,982265","82,2855551854","32,5429072506"
2006-12-04,"194,869554","93,6409628109","26,1805690382"
2006-12-05,"206,058827","63,0460476735","33,3311475327"
2006-12-06,"259,755644","77,8125908890","35,4915558579"
2006-12-07,"118,368187","69,1274229732","27,6837071263"
2006-12-08,"284,962825","71,3773854611","33,6258560614"
2006-12-09,"224,218154","62,2849872888","29,1184319152"
2006-12-10,"148,623697","78,6628162510","34,3803774026"
2006-12-11,"189,276690","63,0312077807","31,6490912132"
2006-12-12,"191,432937","60,9512193484",indisponivel
2006-12-13,"134,439004","69,3402040898","35,2502954284"
2006-12-14,"243,947758","85,5732904578","29,4540534710"
2006-12-15,"114,398391","60,3463199810","30,6993998623"
2006-12-16,"88,534930","88,3966906409","31,0539290510"
2006-12-17,"231,992766","73,9861943451","26,9033175597"
2006-12-18,"265,923068","80,6390677016","35,8595675734"
2006-12-19,"118,709630","81,0728374628","33,2879337736"
2006-12-20,"231,847980","61,3646862714","36,5916023744"
2006-12-21,"93,076337","60,2402442364","32,1298162715"
2006-12-22,"91,076965","84,6870071670","34,5421931930"
2006-12-23,"100,628110","74,1500416414","29,2618319748"
2006-12-24,"69,328649","79,2296070452","26,8734364082"
2006-12-25,"110,492775","63,2016478707","30,5106348834"
2006-12-26,"264,292096","89,7389163491","36,5987476866"
2006-12-27,"157,207038","61,1273500770","25,5248917021"
2006-12-28,"267,008168","81,8812521827","33,8056565842"
2006-12-29,"289,448938","79,4137629172","27,0041613735"
2006-12-30,"272,405078","77,0283213165","34,4850686719"
2006-12-31,"61,702472","66,5432396218","36,2049034289"
2007-01-01,"112,266491","70,1093607055","29,7561923449"
2007-01-02,"236,695432","77,1878377510","26,5552681649"
2007-01-03,"152,392360","93,2823191795","30,6879422321"
2007-01-04,"223,385917","64,9359901235","37,4469560611"
2007-01-05,"86,557061","78,2248444875","25,0927786022"
2007-01-06,"196,581451","88,0113171457","27,8823171281"
2007-01-07,"243,443762","75,2578560433","33,3007351388"
2007-01-08,"252,345707","66,8120269732","27,9667668080"
2007-01-09,"237,518555","63,3825491411","36,9875582234"
2007-01-10,"181,016089","83,6818502906","33,7386275479"
2007-01-11,"95,397300","68,8957684214","35,5701167161"
2007-01-12,"91,839160","90,0683896514","37,3946515929"
2007-01-13,"90,667479","62,3491405398","36,3479385303"
2007-01-14,"140,926030","73,4642141688","35,2882670328"
2007-01-15,"129,073608","93,5928089500","33,3063746026"
2007-01-16,"293,428117","73,9835969411","27,5242860625"
2007-01-17,"199,222745","93,2346526158","30,2976938576"
2007-01-18,"59,991030","82,7628031418","28,4787396240"
2007-01-19,"191,527873","70,5841789365","29,3012915749"
2007-01-20,"208,181454","65,2346337553","35,6917883716"
2007-01-21,"157,716386","61,6574716602","28,8270317729"
2007-01-22,"147,236695","62,7333816784","30,2997832112"
2007-01-23,"75,386664","74,5698090376","26,4314521730"
2007-01-24,"60,279620","76,4680155833","30,7440969299"
2007-01-25,"132,217254","75,6301026172","32,7489404279"
2007-01-26,"139,127878","84,6677320826","35,0626163657"
2007-01-27,"258,950198","73,3042642858","32,0000134107"
2007-01-28,"265,897174","61,7043429218","37,9898471789"
2007-01-29,"278,847345","67,5765762425","37,9912444181"
2007-01-30,"87,878592","93,4508035034","36,7339974105"
2007-01-31,"150,082110","87,2148816791","33,8131575257"
2007-02-01,"140,595587","70,4190673974","26,7166222519"
2007-02-02,"180,221755","71,0145257402","33,2547823287"
2007-02-03,"237,311125","85,0817773393","35,5896737441"
2007-02-04,"251,215010","92,3352159926","27,1148818074"
2007-02-05,"299,497013","84,5105789636","31,2708638019"
2007-02-06,"197,265960","63,3347857004","37,6589404494"
2007-02-07,"70,238555","66,9425161675","30,6811719063"
2007-02-08,"299,066237","70,7967630831","31,8723782324"
2007-02-09,"126,283012","84,3319354390","25,2234960080"
2007-02-10,"190,380557","90,9327079060","32,4512929646"
2007-02-11,"84,147080","64,2407533815","35,5852640975"
2007-02-12,"105,739518","75,4524806664","31,8584976065"
2007-02-13,"141,877740","67,4464160054","33,4076032132"
2007-02-14,"178,958340","76,4652521463","25,4491785827"
2007-02-15,"215,063720","77,5272469950","30,4973113791"
2007-02-16,"226,042028","73,3357463419","36,1547149729"
2007-02-17,"174,385054","74,7156101498","34,4402646946"
2007-02-18,"83,760934","76,2955075600","33,2087861261"
2007-02-19,"151,756704","60,8615333608","29,5689256823"
2007-02-20,"67,506872","67,5715276467","26,0699805835"
2007-02-21,"128,412135","61,9495994277","26,2896073745"
2007-02-22,"76,669496","61,9522922040","25,8519727963"
2007-02-23,"110,001430","81,9652844367","25,5985813830"
2007-02-24,"72,499025","69,0921512718","28,7572626517"
2007-02-25,"51,971965","73,4107669632","33,0631628591"
2007-02-26,"148,918783","70,7792629453","32,8813506337"
2007-02-27,"130,603015","92,4716293466","34,6473517004"
2007-02-28,"127,759452","73,6556474227","37,9163947703"
2007-03-01,"268,026341","75,8089333410","29,5428176781"
2007-03-02,"206,821302","88,6716307559","25,9750300739"
2007-03-03,"95,774698","83,9027839699","29,1050948965"
2007-03-04,"50,307285","72,8602549004","25,9918562243"
2007-03-05,"143,583396","64,5459206967","22,1156897767"
2007-03-06,"160,842857","79,4346145461","22,1905738188"
2007-03-07,"264,617630","80,5591562943","22,3513050266"
2007-03-08,"182,717750","76,8486639310","23,7271878121"
2007-03-09,"162,928346","82,8556833786","20,2011291179"
2007-03-10,"193,852883","79,7505178679","26,8446208297"
2007-03-11,"199,537097","66,8775488937","20,1177676977"
2007-03-12,"126,639429","69,6900885873","24,9371003551"
2007-03-13,"136,707368","87,6106394748","26,8052924235"
2007-03-14,"54,325182","78,2445014927","21,1766214627"
2007-03-15,"263,371245","91,6918058530","28,3545958163"
2007-03-16,"178,360937","64,7538282126","21,7706043496"
2007-03-17,"85,765943","94,7514976017","21,7796684470"
2007-03-18,"262,533594","73,9855310504","24,7826391652"
2007-03-19,"125,985183","75,9576133044","29,1886462779"
2007-03-20,"274,975509","77,8956229580","24,3612319445"
2007-03-21,"234,424195","85,1318248924","20,4303125799"
2007-03-22,"192,243161","66,2343776330","24,9848467589"
2007-03-23,"190,264484","73,1823367046","26,4418573854"
2007-03-24,"176,824569","92,4902952731","22,0858080104"
2007-03-25,"241,669884","69,1239468033","29,8349853914"
2007-03-26,"167,155171","68,4451702514","28,7586120384"
2007-03-27,"191,555074","81,9454088313","20,1575395625"
2007-03-28,"154,059820","62,7969753882","23,3317874250"
2007-03-29,"240,956628","91,6926882039","27,4965499461"
2007-03-30,"202,748543","69,9252000028","26,9925313230"
2007-03-31,"263,004349","83,4692017259","21,2090460992"
2007-04-01,"12,960149","57,3107324894","24,6473027346"
2007-04-02,"77,190572","74,4434066092","20,9102410571"
2007-04-03,"84,701408","72,1574362079","24,4649879107"
2007-04-04,"53,178398","51,3439058729","28,4112660525"
2007-04-05,"94,223277","70,3841373369","27,0169856538"
2007-04-06,"66,489863","51,2283975759","29,5003189897"
2007-04-07,"67,606821","73,8610241250","23,9550807846"
2007-04-08,"45,689357","62,6454112504","20,2144589871"
2007-04-09,"38,799455","79,5796304996","22,5271081808"
2007-04-10,"60,143340","64,5492978796","21,4432594255"
2007-04-11,"61,718559","55,5626184346","21,3446925455"
2007-04-12,"30,049735","62,7568925052","23,6038001590"
2007-04-13,"93,092217","57,2381387293","27,9945661906"
2007-04-14,"49,594327","75,8874836471","25,5311030500"
2007-04-15,"38,875322","55,9269314136","22,0158256134"
2007-04-16,"81,973894","53,5781673130","25,3055044494"
2007-04-17,"38,189520","61,3187858038","28,5861785223"
2007-04-18,"79,760165","72,0785441597","20,8205992155"
2007-04-19,"98,401285","68,7005571637","21,7353605089"
2007-04-20,"72,125821","72,5480483079","20,6139970304"
2007-04-21,"48,426800","78,9411171591","28,9643914163"
2007-04-22,"58,804854","57,2832361651","24,3928731660"
2007-04-23,"77,866450","73,1188021956","25,6723053624"
2007-04-24,"43,277502","78,9576662043","20,8395647084"
2007-04-25,"36,566134","56,3344187335","25,6310160498"
2007-04-26,"32,754801","63,2393295193","22,4540018962"
2007-04-27,"62,696137","70,5552428091","22,5930095764"
2007-04-28,"41,455736","68,8523806284","29,7898084805"
2007-04-29,"57,170995","76,1504380043","27,5529040684"
2007-04-30,"24,114669","66,5099803782","27,5460004564"
2007-05-01,"96,372806","77,7901425010","26,5129199731"
2007-05-02,"44,660429","79,3598577165","23,0808402700"
2007-05-03,"57,147563","51,4482332943","22,4495600392"
2007-05-04,"89,901048","52,0059485431","29,0071552242"
2007-05-05,"79,194976","77,9441653277","24,5974638982"
2007-05-06,"22,480351","55,3660534189","23,5502964017"
2007-05-07,"95,300394","69,2744577464","20,9681469902"
2007-05-08,"29,229273","79,8939393115","26,6100738813"
2007-05-09,"38,589876","77,6671837038","22,9440389294"
2007-05-10,"67,354338","64,5596126778","22,2745342612"
2007-05-11,"31,182937","64,0233534356","27,4356672956"
2007-05-12,"12,163815","79,3877114130","24,0616881180"
2007-05-13,"84,796691","65,6851781381","27,7097612360"
2007-05-14,"19,228150","76,8521639265","26,9534665661"
2007-05-15,"14,225775","66,4378507722","22,2392344668"
2007-05-16,"88,951455","75,6788360093","24,9481609491"
2007-05-17,"75,271362","57,0314936876","25,8563535813"
2007-05-18,"77,180132","70,9654237280","25,2467239978"
2007-05-19,"36,014313","75,0715911013","27,1296734588"
2007-05-20,"24,849343","67,8341889533","21,6280294510"
2007-05-21,"49,838742","62,6142789145","24,6369109568"
2007-05-22,"52,857294",indisponivel,"20,8416777460"
2007-05-23,"46,019367","63,6450431183","23,9888946792"
2007-05-24,"86,006404","63,9881391081","27,9329109515"
2007-05-25,"32,979401","57,7987573789","22,0018068553"
2007-05-26,"67,642917","70,7801710041","23,0715795505"
2007-05-27,"18,486999","68,5332866765","26,2480467470"
2007-05-28,"17,936989","77,7249759470","25,5918078273"
2007-05-29,"48,550787","64,0277741112","27,1435423529"
2007-05-30,"18,025653","71,6986804938","26,0574459506"
2007-05-31,"54,063198","68,7836220286","27,2689483063"
2007-06-01,"0,097267","56,5599648869","24,6323685700"
2007-06-02,"10,649914","44,7399606495","23,2742240238"
2007-06-03,"36,744330","64,8157508968","19,5301344315"
2007-06-04,"1,213134","68,9255615507","17,8270854074"
2007-06-05,"27,012096","49,6167597314","15,0352803788"
2007-06-06,"46,349187","57,7633667531","22,9496123699"
2007-06-07,"31,693872","58,4788013616","21,1805378775"
2007-06-08,"14,293291","60,5512802941","15,9091962875"
2007-06-09,"26,375054","58,6176157134","19,7748150417"
2007-06-10,"32,106480","57,4527158309","15,1014931817"
2007-06-11,"21,231429","68,4624176840","17,3027017380"
2007-06-12,"24,842502","48,3383126856","23,4969388615"
2007-06-13,"37,548915","48,2615849846","20,0467619593"
2007-06-14,"29,939166","65,3597305556","24,0926410781"
2007-06-15,"16,154703","68,4213428561","20,7937389701"
2007-06-16,"7,245719","60,7332149757","17,4950958282"
2007-06-17,"22,590866","61,8360712481","19,9527762477"
2007-06-18,"34,803772","64,6326581188","22,6392754756"
2007-06-19,"0,920501","59,6959924210","20,6224215301"
2007-06-20,"49,070529","40,0171013406","24,4137995649"
2007-06-21,"24,781562","42,1056860185","14,0767941935"
2007-06-22,"27,258560","42,1075676933","23,8215902557"
2007-06-23,indisponivel,"67,7959822678","18,4639730179"
2007-06-24,"42,254556","44,9211420022","20,5104128369"
2007-06-25,"22,697363","52,4384607012","23,1678377125"
2007-06-26,"17,386437","47,7937808682","23,0957415067"
2007-06-27,"21,871137","53,0457283819","22,2562461572"
2007-06-28,"0,998169","60,9569045302","18,8215766115"
2007-06-29,"16,268077","61,9184113177","18,2278651483"
2007-06-30,"25,003560","55,6172689317","24,1349073730"
2007-07-01,"15,706341","51,8020486270","18,2366186315"
2007-07-02,"10,324516","56,2165750438","17,7115534562"
2007-07-03,"35,465327","51,7866421651","20,6452266121"
2007-07-04,"44,457911","68,1346141476","21,9018259261"
2007-07-05,"14,214380","62,1618014176","21,3471853148"
2007-07-06,"10,371846","54,0363773717","20,6215585567"
2007-07-07,"30,737590","64,1721990327","19,3766510763"
2007-07-08,"41,813239","68,2287265432","21,8191326465"
2007-07-09,"41,484421","51,7271767116","23,6225843965"
2007-07-10,"0,136368","63,7882067237","24,2587765589"
2007-07-11,"4,920013","55,6102284472","14,3457531543"
2007-07-12,"41,872115","47,7807399160","24,3862310341"
2007-07-13,"13,539396","45,8291835606","19,2805267632"
2007-07-14,"39,879450","40,6522311006","23,9056824922"
2007-07-15,"23,917257","67,3233403185","24,1066126009"
2007-07-16,"23,757406","44,9113811378","18,1629760134"
2007-07-17,"45,568573","46,2504212957","24,4478179425"
2007-07-18,"46,247346","41,8868071401","19,1894439534"
2007-07-19,"37,482014",,"15,0278564475"
2007-07-20,"10,176790","61,1287766887","22,9847007816"
2007-07-21,"9,342325","52,5179036749","21,7905505994"
2007-07-22,"34,083003","52,9521021607","22,0248506229"
2007-07-23,"40,215318","47,0079359670","24,3556333704"
2007-07-24,"12,205546",indisponivel,"20,4288428837"
2007-07-25,"17,477876","66,9725471776",indisponivel
2007-07-26,"20,496002","40,9040447882","15,9235689666"
2007-07-27,"8,708909","63,7938330195","18,6768119416"
2007-07-28,"4,547360","58,0868888196","21,1850636808"
2007-07-29,"35,736274","62,6613497996","16,1342431624"
2007-07-30,"22,103939","64,5354559072","20,7151959748"
2007-07-31,"16,455283","68,9961071002","22,0037927052"
2007-08-01,"42,930917","50,7060594049","17,4923512062"
2007-08-02,"42,401970","46,6267103809","20,9599462813"
2007-08-03,"32,698220","50,2289460080","24,0077203152"
2007-08-04,"34,756069","59,2058001185","22,0821801722"
2007-08-05,indisponivel,"42,0755118417","24,8270589094"
2007-08-06,"39,772283","68,7176067279","18,3166895980"
2007-08-07,"24,765050","64,9067783419","23,5341299325"
2007-08-08,"13,243576","44,0281956591","14,7976772185"
2007-08-09,"24,203561","46,4826781174","19,6655789303"
2007-08-10,"46,080497","69,9034712229","14,0669448199"
2007-08-11,"35,157240","68,0962495969","14,7688886035"
2007-08-12,"5,723604","51,3743196473","14,0368898840"
2007-08-13,indisponivel,"40,4668240895","16,0968187073"
2007-08-14,"25,412937","59,4044610523","15,1276501536"
2007-08-15,"13,502908","56,5692997113","16,4903328655"
2007-08-16,"47,674149","42,0741979425","21,7426890866"
2007-08-17,"3,280880","52,7051535455","18,9317986905"
2007-08-18,"48,818156","63,3114891429","24,0280720583"
2007-08-19,"13,343061","63,1938077479","20,2970232574"
2007-08-20,"45,619643","46,2668662962","18,4960423143"
2007-08-21,"33,827987","55,7478334294","20,6550423957"
2007-08-22,"4,559452","45,0762144808","20,6781460919"
2007-08-23,"9,646161","68,7315717622","20,6342455718"
2007-08-24,"48,234183","40,5147796359","22,5045518081"
2007-08-25,"33,624809","58,6320999400","21,8455193100"
2007-08-26,"24,547507","54,1658209818","23,9794867908"
2007-08-27,"24,598640","42,2367400835","16,0289956629"
2007-08-28,"2,844054","57,7015595572","19,9541200820"
2007-08-29,"36,755928","67,6028999966","16,2253373169"
2007-08-30,"26,035003","56,0180391942","15,1580342264"
2007-08-31,"0,621721","65,1893386526","20,2743005702"
2007-09-01,"5,349810","60,5187187963","22,3066019685"
2007-09-02,"46,528253","57,0288169948","29,9899067902"
2007-09-03,"9,255195","55,1038641175","26,9077887771"
2007-09-04,"0,711797","50,9314239796","22,8342073412"
2007-09-05,"0,086276","62,5417718709","28,6021525728"
2007-09-06,"23,205571","40,0051750173","29,0706548151"
2007-09-07,"44,308715","64,0452814211","27,6147627278"
2007-09-08,"15,796414","66,2446866390","26,3993850723"
2007-09-09,"32,918386","47,2625908079","29,5712060019"
2007-09-10,"43,355312","62,8775932993","23,6877057233"
2007-09-11,"10,726992","41,4229670138","26,2740576225"
2007-09-12,"2,958888","65,0551555604","24,8723526249"
2007-09-13,"47,123592","63,5604651383","20,3430865670"
2007-09-14,"39,148009","61,9896886528","23,3667721217"
2007-09-15,"0,340499","51,1220197149","29,5531254278"
2007-09-16,"19,706669","61,1952043357","27,6550534874"
2007-09-17,"47,301178","62,7195461935","23,8787119949"
2007-09-18,"15,944439","63,4585301081","23,7525159102"
2007-09-19,"49,659345","47,7907034597","23,0460540629"
2007-09-20,"46,239221","67,7343524979",indisponivel
2007-09-21,"9,897247","43,0193544255","23,1881678378"
2007-09-22,"45,187858","56,3900482774","22,4143568519"
2007-09-23,"20,825421","53,7822740236","27,7614047951"
2007-09-24,"4,994012","40,7950849413","29,2300630443"
2007-09-25,"23,579419","58,4836368191","29,3379896958"
2007-09-26,"32,805438","42,8601331208","22,4871246947"
2007-09-27,"38,681131","58,7043863227","25,4516382288"
2007-09-28,"29,027377","51,1483894490","29,6006348163"
2007-09-29,"45,008996","60,6763039541","26,6353384985"
2007-09-30,"13,865613","55,8911123249","25,2481581122"
2007-10-01,"29,528306","59,9493726792","24,8248174648"
2007-10-02,"96,764078","52,9562960475","20,1510633436"
2007-10-03,"79,226532","64,1425656456","21,3464307810"
2007-10-04,"91,082648","52,5239392243","24,9015917607"
2007-10-05,"67,921359","51,4772038091","27,7152972774"
2007-10-06,"96,918894","57,3631686743","23,0592944303"
2007-10-07,"69,182258","76,1137577331","24,3275925846"
2007-10-08,"59,469267","72,0022306818","29,6604809324"
2007-10-09,"48,775261","71,6704513561","23,7126878702"
2007-10-10,"63,423289","78,3421191509","28,6721595271"
2007-10-11,"49,643129","57,8484843402","28,7671963757"
2007-10-12,"67,591330","73,1278412793","23,6565795243"
2007-10-13,"37,825572","64,1273601386","20,4988680477"
2007-10-14,"64,993628","76,9489839748","20,3414196757"
2007-10-15,"96,511417","71,7611643403","28,5130072492"
2007-10-16,"57,735720","51,6614941151","28,9905714940"
2007-10-17,"88,427869","77,0875646393","27,5052519619"
2007-10-18,"73,853557","62,8951842295","27,5446600736"
2007-10-19,"47,518001","50,0076839183","29,5129132786"
2007-10-20,"77,125060","59,7734461381","27,8937141499"
2007-10-21,"58,244949","67,1496209871","26,6856201440"
2007-10-22,"80,215472","77,1087292772","21,1253204582"
2007-10-23,"83,402875","54,6778413796","25,5448006737"
2007-10-24,"74,675819","55,1177531982","26,3930062049"
2007-10-25,"93,267781","70,8763053094","22,5670091473"
2007-10-26,"33,998803","63,5942265619","23,8676218873"
2007-10-27,"60,993577","79,3244867409","25,2557359200"
2007-10-28,"73,117908","75,9290958572","23,6492503111"
2007-10-29,"29,935877","60,1974309896","22,3272345271"
2007-10-30,"48,279905","64,9653106110","29,9096673891"
2007-10-31,"64,747465","77,5972411503","22,4328152134"
2007-11-01,"25,853754","64,4209747679","27,0872263591"
2007-11-02,"86,874295","55,7121351486","20,6287461281"
2007-11-03,"36,477610","69,5292463441","25,7015102845"
2007-11-04,"87,470724","51,3993586249","22,2243827733"
2007-11-05,,"68,5585242963","22,7914499966"
2007-11-06,"70,015777","77,6574875600","21,1944474562"
2007-11-07,"36,036483","72,7404587287","23,6713274511"
2007-11-08,"90,223574","59,4473045723","26,3158015445"
2007-11-09,"63,179569","77,2898427526","25,3231519438"
2007-11-10,"83,510091","73,8489547948","20,3252241807"
2007-11-11,"98,555082","63,5406592062","25,6402629026"
2007-11-12,"43,743060","63,2660004823","27,7470581344"
2007-11-13,"65,454245","55,7548495628","29,9490806730"
2007-11-14,"67,253675","54,8784289203","22,9969522815"
2007-11-15,"30,583639","55,6071799937","23,4145884629"
2007-11-16,"43,778537","69,0370452911","24,1392091400"
2007-11-17,"88,241982","74,4840732512","29,1936747425"
2007-11-18,"74,275670","59,5052010362","22,0175158280"
2007-11-19,"55,752973","57,2560599057","20,8428995312"
2007-11-20,"64,216265","76,5891516011","29,0351396871"
2007-11-21,"95,938121","58,0513303629","24,3797392331"
2007-11-22,"93,416990","63,8944025777","25,1950898799"
2007-11-23,"64,262876","72,0699198065","24,6220067396"
2007-11-24,"80,653916","75,0634371917","24,1255548814"
2007-11-25,"33,271129","52,1426203025","29,4796217221"
2007-11-26,"43,433545","55,9281369086","29,9687046300"
2007-11-27,"28,901371","74,2755573327","27,5048170957"
2007-11-28,"56,036264","66,1908035080","29,3490194512"
2007-11-29,"97,931757","61,9651391653","20,9916291520"
2007-11-30,"89,345650","75,0650878197","25,9574620327"
2007-12-01,"207,775290","71,3383434231","27,4055201461"
2007-12-02,"220,594338",,"34,4399055394"
2007-12-03,"99,912152","76,8580815396","33,0882473475"
2007-12-04,"90,177245","64,0134476747","28,7362155418"
2007-12-05,"165,130627","80,9928486406","31,5824508166"
2007-12-06,"222,948284","69,9417425536","26,9618777148"
2007-12-07,"95,959684","63,1687549290","34,0836165915"
2007-12-08,"99,710850","73,3890804059","36,4713874366"
2007-12-09,"84,983459","86,0513948370","37,7855666878"
2007-12-10,"145,495907","86,5717552983","25,6695074548"
2007-12-11,"204,400091","78,7002545605","26,0372094755"
2007-12-12,"252,731356","78,6038682800","25,4459480547"
2007-12-13,"152,088074","79,7361236623","28,9892462391"
2007-12-14,"121,446044","85,1168932719","33,1118690071"
2007-12-15,"180,212064","80,2357492915","34,7447746142"
2007-12-16,"153,219259","77,9678016342","28,6259267946"
2007-12-17,"210,261169","90,1743151869","34,4461939916"
2007-12-18,"102,667000","62,8523150925","33,4184178711"
2007-12-19,"237,547119","86,6402594426","33,9907737101"
2007-12-20,"51,285416","94,3480771691","31,8958729054"
2007-12-21,"141,240655","91,8471602603","35,3126333051"
2007-12-22,,"61,1975080819","28,4382385366"
2007-12-23,"190,573197","65,9670001991","35,2931613817"
2007-12-24,"54,584613","68,3753822044","34,9682890014"
2007-12-25,"71,113882","76,3433591178","27,6983887380"
2007-12-26,indisponivel,"63,3194123568","35,5810188596"
2007-12-27,"259,072790","65,8532767828",
2007-12-28,"246,334398","64,9738330818","34,0469744766"
2007-12-29,"81,138717","81,5605443937","28,7392762741"
2007-12-30,"175,000217","83,0462289840","35,9340030488"
2007-12-31,"86,240216","67,3033905686","28,1490810874"
2008-01-01,"257,729435","66,7139510585","34,8676913545"
2008-01-02,"114,909641","87,2849444654","37,6735954508"
2008-01-03,"106,808195","91,3766189395","27,2159541641"
2008-01-04,"194,491915","66,6613779703","28,0956519281"
2008-01-05,"203,391938","60,8562657293","28,3008691587"
2008-01-06,"143,785165","68,5392263604","27,7327007070"
2008-01-07,"184,031437","62,3770344006","33,2289528843"
2008-01-08,"147,129011","91,4090272446","33,7009817692"
2008-01-09,"86,263829","71,7315371359","35,9133443789"
2008-01-10,"133,005820","93,0833379792","29,5315069862"
2008-01-11,"230,429533","69,3588775432","35,9460367207"
2008-01-12,"149,438050","60,3508214269","28,2575565269"
2008-01-13,"205,710170","78,3299529441","25,6135152945"
2008-01-14,"226,077786","69,2565481825","25,6065818160"
2008-01-15,"181,534446","67,7579702781","28,4008675248"
2008-01-16,"53,848933","68,8674694444","36,6825710776"
2008-01-17,"220,107518","94,2427136688","32,7152079483"
2008-01-18,"196,113495","62,7323358224","36,4582769618"
2008-01-19,"145,405467","61,5648145556","32,6523510041"
2008-01-20,"99,100542","63,0456416211","27,3967747272"
2008-01-21,"285,870892","84,8593672915","33,0808240829"
2008-01-22,"79,233520","73,0401561719","27,6511418101"
2008-01-23,"272,616667","68,0933838009","30,3823912886"
2008-01-24,"55,166013","81,3506137407","25,9678311075"
2008-01-25,"142,793865","85,3721045960","27,7532223823"
2008-01-26,"69,710009","80,6670258398","31,5713191859"
2008-01-27,"88,052095","75,1070666271","35,6077156074"
2008-01-28,"121,785497","63,5919956836","31,6329311546"
2008-01-29,"221,857007","67,0241265457","36,5217358936"
2008-01-30,"78,982929","66,3598710261","26,8956465322"
2008-01-31,"115,203616","83,7237025294","34,5610605036"
2008-02-01,"95,259943","65,8660164671","35,1638316434"
2008-02-02,"279,335863","84,8292387616","31,4022307771"
2008-02-03,"222,105922","68,9387425358","26,0671575631"
2008-02-04,"95,964094","67,1102915775","34,2518963378"
2008-02-05,"135,477812","64,4965814153","30,3557294498"
2008-02-06,"204,279482","74,5381517283","27,7615786927"
2008-02-07,"259,062302","82,5316326949","32,3177965142"
2008-02-08,"99,587302","76,8985334183","35,9378156640"
2008-02-09,"285,795811","83,9031982658","36,1338590009"
2008-02-10,"189,888629",indisponivel,"32,7179469221"
2008-02-11,"77,722312","72,6933997739","26,8735913506"
2008-02-12,"273,592785","65,2230979434","36,9538992321"
2008-02-13,"137,536375","63,8875266498","25,8911427904"
2008-02-14,"112,593016","76,7425263807","25,3258346112"
2008-02-15,"171,118373","81,0495617516","33,6223755820"
2008-02-16,"141,493314","92,4678326958","34,9786583641"
2008-02-17,"187,921340","63,1411908867","25,2025678787"
2008-02-18,"88,335166",indisponivel,"34,9146240671"
2008-02-19,"113,365545","81,7291724604","27,3123859710"
2008-02-20,"238,175388","84,7164297600","35,4288017230"
2008-02-21,"116,510772","69,5791565043","37,0175825167"
2008-02-22,"219,359316","77,2699232930","31,7471312456"
2008-02-23,"63,052204","76,3732436155","26,3967788693"
2008-02-24,"298,023003","86,8229273455","33,4848163256"
2008-02-25,"186,955433","88,6009901238","31,9484415828"
2008-02-26,"82,030631","65,1919493819","29,1749162657"
2008-02-27,"90,573707","94,1731618199","32,8934429363"
2008-02-28,"65,820818","63,1017042634","29,2331443509"
2008-02-29,"121,935397","72,2459344505","33,4616617590"
2008-03-01,"198,396383","77,3472363708","22,6127776751"
2008-03-02,"232,318694","86,2835220768","26,8074908924"
2008-03-03,"241,325989","74,9392095745","27,1829245839"
2008-03-04,"225,380549","94,6294308906",
2008-03-05,"274,704606","88,7416815835","20,9619971987"
2008-03-06,"154,772068","91,7647478478","24,5831238751"
2008-03-07,"194,117014","81,1391602736","27,3519522723"
2008-03-08,"166,799951","68,8111158050","26,6782655966"
2008-03-09,"69,076675","91,3989915514","28,9505196376"
2008-03-10,"58,422478","69,7835755222","22,3947054434"
2008-03-11,"141,817619","65,0621983367","20,6598456918"
2008-03-12,"123,244882","79,1157287627","24,0806373604"
2008-03-13,,"68,5336676473","29,7465507839"
2008-03-14,"211,165069","79,6168475767","21,6759660596"
2008-03-15,"60,765106","72,7704383445","28,9784610982"
2008-03-16,"296,849095","62,5403120805","21,9046541252"
2008-03-17,"242,856648","82,9526746818","29,9204019943"
2008-03-18,"77,093098","70,7857229985","28,7084255062"
2008-03-19,"168,062232","93,5911655827","29,5729249744"
2008-03-20,"199,310209","92,1770562719","28,7876619525"
2008-03-21,"126,925777","86,1425999302","22,8904910312"
2008-03-22,"200,143406","91,4684443140","25,7840990957"
2008-03-23,"201,511064","64,6957758845","21,9933017661"
2008-03-24,"106,982962","87,2132978379","20,7540637978"
2008-03-25,"269,718041","81,8311856650","22,8351481800"
2008-03-26,"140,205691","84,1969490536","20,1611811153"
2008-03-27,"111,586272","85,8862878260","27,6540644532"
2008-03-28,"174,239332","76,9144780772","22,5133541390"
2008-03-29,"198,174353","75,7846010134","21,9078853486"
2008-03-30,"87,100905","81,8058147876","28,4622725292"
2008-03-31,"216,743911","89,0031361692","28,3630028705"
2008-04-01,"46,520362","52,9537494242","29,9584044138"
2008-04-02,"27,678309","69,4502047450","21,5709913997"
2008-04-03,"96,791463","67,8662076927","21,1951337859"
2008-04-04,"30,605895","69,8762503349","26,2415203053"
2008-04-05,"99,346478","53,0229710420","20,8132846713"
2008-04-06,"17,013015","56,9002930134","24,6707872381"
2008-04-07,"53,118472","52,5237606250","25,3275161168"
2008-04-08,"40,430400","62,0805898733","29,4986640204"
2008-04-09,"50,894070","76,8333821081","28,1056235103"
2008-04-10,"31,292693","77,3769343141","27,8118907455"
2008-04-11,"55,382904","61,4828934164","27,0838907251"
2008-04-12,"42,613684","65,8285083229","26,3521236849"
2008-04-13,"52,002682","63,8377052853","24,9081726316"
2008-04-14,"97,795977","67,1530007433","28,6509866981"
2008-04-15,"67,427658","71,1285121082",indisponivel
2008-04-16,"16,688342","74,1368076007","22,8376205902"
2008-04-17,"77,950207","67,7230807812","20,0110312598"
2008-04-18,"25,823367","66,3886575471","23,1227575709"
2008-04-19,"54,862169","75,1768193974","29,6878396048"
2008-04-20,"21,132641","77,9250698024","22,8285501433"
2008-04-21,"33,654641","61,9638677430","25,7237700035"
2008-04-22,"36,128072","66,5794766380","24,6331212668"
2008-04-23,"48,728502","62,4179762531","23,4283237394"
2008-04-24,"43,088225","75,8105297678","20,2725356531"
2008-04-25,indisponivel,"63,8670159278","28,6507189957"
2008-04-26,"22,836161","53,8669792589","21,6649491421"
2008-04-27,"71,420935","74,1568339711","20,3517353243"
2008-04-28,indisponivel,"69,9608752192","21,6192861902"
2008-04-29,"75,217332","67,3371092006","28,0712046970"
2008-04-30,"19,701669","66,0724195349","27,0738095276"
2008-05-01,"60,809145","60,9314064737","21,6788812955"
2008-05-02,"82,854240","57,6080480331","26,4061235340"
2008-05-03,"94,559292","63,9694987146","24,4503049513"
2008-05-04,"69,302578","59,6947327173","25,3242191474"
2008-05-05,"54,893482","62,6996700793","20,6892264964"
2008-05-06,"43,188096","50,3815393574","21,9382812686"
2008-05-07,"24,651954","66,5053307028","20,2940192800"
2008-05-08,"45,699420","64,7033344144","28,2121724445"
2008-05-09,"81,426661","73,4931197475","20,4231336522"
2008-05-10,"38,835936","61,9549392173","22,3245218037"
2008-05-11,"79,418360","78,3583641086","26,5363279801"
2008-05-12,"57,269249","76,7326310379",
2008-05-13,"64,772532","63,1133053665","23,1292875686"
2008-05-14,"83,076227","68,3444800331","23,5929851540"
2008-05-15,"45,849349","77,9821853114","23,2365576913"
2008-05-16,"13,977364","78,2558897550","21,2379974531"
2008-05-17,"63,251719","68,9732526914","22,3257838520"
2008-05-18,"79,689896","77,0256813988","27,5687456832"
2008-05-19,"36,235102","73,7552836121","22,3709197125"
2008-05-20,"11,439481","67,1398844599","26,3605889931"
2008-05-21,"29,751841","51,3997484550","23,2178301968"
2008-05-22,"65,256170","78,5526113156","27,4518367971"
2008-05-23,"27,327127","75,0083347858","25,9251012346"
2008-05-24,"88,260374","67,1452115263","25,9195593164"
2008-05-25,"36,350070","62,5986953967","27,5163288611"
2008-05-26,"44,684071","73,9805580449","28,1569744556"
2008-05-27,"11,954773","63,3964022336","21,8181554863"
2008-05-28,"47,091024","70,7697631647","25,6451940047"
2008-05-29,"37,445255","60,8021286696","22,8795544678"
2008-05-30,"91,926340","73,7232339532","20,1310063361"
2008-05-31,"20,222600","77,9855272191","27,8355560299"
2008-06-01,"44,323341","43,4606381407","23,6990531420"
2008-06-02,"5,028879","59,6442493002","20,0623095570"
2008-06-03,"7,565002","53,1277212327","21,1370977976"
2008-06-04,"29,439355","43,6135536506","24,2988655891"
2008-06-05,"28,317784","57,9155048061","21,7151973109"
2008-06-06,"39,124421","45,6896314423","16,4057697237"
2008-06-07,"46,494204","45,6364469335","20,1546749068"
2008-06-08,"33,156237","44,9550100489","23,4666417694"
2008-06-09,"32,580572","48,1532792883","20,3982813901"
2008-06-10,"41,248911","44,4630647492","19,5068615719"
2008-06-11,"14,333871","43,5282304079","15,6439335482"
2008-06-12,"47,303661","55,1484676393","22,7563788733"
2008-06-13,"37,006251","68,2549851146","17,4899995161"
2008-06-14,"11,890418","50,4933332155","20,3738939672"
2008-06-15,"14,602288","60,1448182933","23,0929885891"
2008-06-16,"2,443994","65,2427828039","21,6483058639"
2008-06-17,"23,823381","45,3675214938","14,7569167685"
2008-06-18,"1,115404","40,5793873513","16,3493713378"
2008-06-19,"33,397340","69,1131195726","15,3045576442"
2008-06-20,"38,854617","44,9704548426","19,9411356832"
2008-06-21,"4,868311","55,7306300299","20,6868934422"
2008-06-22,"23,103427","54,5307188916","14,3975959574"
2008-06-23,"44,825102","50,8156719043","22,7844652728"
2008-06-24,"6,475837","51,5783287991","23,9599872635"
2008-06-25,"26,694468","63,0570649678","14,0039890140"
2008-06-26,"33,217679","58,8955783316","15,0375304177"
2008-06-27,indisponivel,"43,5361932764","18,7196008112"
2008-06-28,"6,076764","47,2375364026","17,8829403054"
2008-06-29,"39,520386","52,3537500667","15,9558477298"
2008-06-30,"22,991858","64,5911455563","14,4013539166"
2008-07-01,"3,338973","44,5059623641","15,1446725481"
2008-07-02,"10,818997","65,9953782739",indisponivel
2008-07-03,"22,916070","47,5553369799","19,1759749151"
2008-07-04,"32,522104","44,2831782169","19,2251500853"
2008-07-05,"9,471677","42,3545129746","19,6603221038"
2008-07-06,"18,361697","41,4666381137","14,2197789556"
2008-07-07,"2,202544","53,0192387324","24,3349636616"
2008-07-08,"36,439528","50,1171695472","21,9067897232"
2008-07-09,"9,267473","66,5171725248","21,4897404771"
2008-07-10,"25,492552","42,3536541471","15,1808630807"
2008-07-11,"30,060118","46,3847225710","20,6609288270"
2008-07-12,"29,231082","69,5380762386","20,0304523706"
2008-07-13,"40,612571","48,6967588483","23,8392861157"
2008-07-14,"45,282263","59,5019852890","22,1568424528"
2008-07-15,"47,672483","57,1905038095","23,6468760910"
2008-07-16,"6,860824","63,5339551024","17,6603256084"
2008-07-17,"39,848588","61,4092073698","14,8074105941"
2008-07-18,"2,046677","51,4038050895","24,1675227239"
2008-07-19,"29,687446","46,3711060831","17,6621332213"
2008-07-20,"36,688123","43,5099165814","15,4585169668"
2008-07-21,"18,631004","54,2329505001","15,9899786204"
2008-07-22,"9,461080","43,6085118958","15,6325572728"
2008-07-23,"42,678253","55,9154572155","21,5970604206"
2008-07-24,"24,724757","68,4336989317","24,2848305781"
2008-07-25,"31,909962","46,9452605150","17,5661087540"
2008-07-26,"21,844234","43,5487484707","17,7239266655"
2008-07-27,"23,886108","63,5882164839","18,5410651594"
2008-07-28,"9,934206","65,0157275391","16,1116096559"
2008-07-29,"12,909372","50,4855412622","21,8919712001"
2008-07-30,"41,116589","40,4883274112","22,5648903002"
2008-07-31,"23,447222","51,3314494832","15,2338562447"
2008-08-01,"47,333653","68,0292561791","20,6448689957"
2008-08-02,"42,074097","43,2602598371","19,9141252285"
2008-08-03,"26,849715","43,6087743353","21,8479006482"
2008-08-04,"44,515663","41,5812762446","22,1071907868"
2008-08-05,"26,813650","63,8762673880","17,7099160764"
2008-08-06,"2,809684","58,7838136840","19,1919213063"
2008-08-07,"0,358855","64,3374763284","15,9766392294"
2008-08-08,"2,882550","46,9237027284","16,5097034889"
2008-08-09,"23,015057","43,5702997354","23,2507557792"
2008-08-10,"38,619394","50,5483090327","24,0121242347"
2008-08-11,"18,343011","43,4047507581","18,7073867337"
2008-08-12,"31,986199","59,1354656406","22,3328370495"
2008-08-13,"11,917271","51,2749016280","18,6749470850"
2008-08-14,"34,712654","57,3581138590","17,4808947298"
2008-08-15,"26,877558","49,8925340406","16,3037966162"
2008-08-16,"3,613479","68,9995075820","18,4690920066"
2008-08-17,"11,884878","41,2177300051","21,6923798603"
2008-08-18,"29,819229","64,6804183810","17,5408479359"
2008-08-19,"44,815052","57,8915434639","21,0377832456"
2008-08-20,"36,200299","40,0692154964","17,2071511640"
2008-08-21,"6,306817","69,8258307312","20,2907221414"
2008-08-22,"28,753771","53,8631400366","22,5118022668"
2008-08-23,"35,704406","53,4595424299","19,5716723725"
2008-08-24,"35,974256","57,0049981072","22,3380020766"
2008-08-25,"0,977699","63,8725275354","24,8069011593"
2008-08-26,"20,647168","50,7452222922","17,3421475665"
2008-08-27,"2,371697","43,3660311156","20,0671610064"
2008-08-28,"3,517081","63,1709837723","18,6565992243"
2008-08-29,"16,038547","55,9069261814","18,2153317617"
2008-08-30,"42,853904","49,4141110327","21,9394758799"
2008-08-31,"46,950327","65,3312673515","24,4931535879"
2008-09-01,"40,671228","56,2319815038","27,9621219299"
2008-09-02,"17,694704","69,5102718989","26,2564640469"
2008-09-03,"49,796724","59,9567887988","20,8617986180"
2008-09-04,"45,794145","63,5267249473","21,5680830352"
2008-09-05,"11,619848","66,3714677127","22,9440723866"
2008-09-06,"38,392170","55,5020452260","22,7546908574"
2008-09-07,"8,088141","64,3603787190","28,9083583909"
2008-09-08,"11,655873","63,2281886597","28,1913389377"
2008-09-09,"0,085595","68,5599213739","23,3303865826"
2008-09-10,"11,729943","69,5521985714","25,1702502721"
2008-09-11,"34,748172","48,0669513973","20,3822871904"
2008-09-12,"21,050711","69,7619933513","20,0247572174"
2008-09-13,"35,780335","49,5942855497","29,5315270808"
2008-09-14,"34,262175","48,3725034089","24,5961419395"
2008-09-15,"48,495099","53,4113323241","24,1419499551"
2008-09-16,"37,624114","69,0626996149","24,5092241237"
2008-09-17,"13,096972","54,4617451418","24,3693313183"
2008-09-18,"43,281628","56,3291191203","28,4893357266"
2008-09-19,"12,965097","49,6038175058","24,6853537873"
2008-09-20,"47,736293","51,8855277791","27,7580646888"
2008-09-21,"46,206555","65,4991041661","29,4182061610"
2008-09-22,"8,538485","44,4446959066","20,5807781268"
2008-09-23,"28,497852","54,2617465747","20,9312258536"
2008-09-24,"48,836801","61,9000618783","24,8296413168"
2008-09-25,"28,798964","68,0995775341","26,9190668430"
2008-09-26,"45,795805","45,9777436418","20,3342620981"
2008-09-27,"31,381509","53,2051052943","29,3843812494"
2008-09-28,"38,688822","63,5614428633","21,9223111990"
2008-09-29,"12,578861","58,4811133327","28,8344096499"
2008-09-30,"16,208524","68,4931512632","21,8989836152"
2008-10-01,"11,580915","52,8160142959","24,6667748802"
2008-10-02,"50,236060","62,4461644556","20,1959930256"
2008-10-03,"26,931724","78,8690348709","20,7975124102"
2008-10-04,"55,575498","65,4854929699","28,9733014400"
2008-10-05,"86,710245","56,0830060861","21,4829127879"
2008-10-06,"33,740248","55,8712510278","20,4495427382"
2008-10-07,"11,671325","74,7709045965","21,8441354004"
2008-10-08,"77,122622","62,0574889657","28,1257163548"
2008-10-09,"72,578391","54,0412596556","21,5138095566"
2008-10-10,"95,738840","63,6855216009","28,3125411240"
2008-10-11,"21,112745","57,5081414758","23,1562539727"
2008-10-12,"45,243093","74,8485756917","20,8044101869"
2008-10-13,"70,614695","71,5140970355","22,0708349824"
2008-10-14,"79,832919","79,1525518723","29,4590202297"
2008-10-15,"92,497381","74,0976632468","26,7557221631"
2008-10-16,"56,803031","50,0188049933","23,8430444451"
2008-10-17,"14,318021","67,8493110665","21,2581883748"
2008-10-18,"26,830663","74,9905534763","27,9101947449"
2008-10-19,"95,733672","72,2047209399","24,3386156346"
2008-10-20,"86,961520","74,1068515853","20,4168769771"
2008-10-21,"73,605588","67,9722684842","21,2007856468"
2008-10-22,"54,059333","66,9402623660","22,4821243693"
2008-10-23,"21,173513","72,4379767817","27,9307585179"
2008-10-24,"27,322525","57,7483111278","29,4426554663"
2008-10-25,"17,518556","72,2917521732","28,1278977593"
2008-10-26,"72,459791","55,4804202188","29,6093315044"
2008-10-27,"20,016745","51,8157865082","27,2498255915"
2008-10-28,"77,805277","50,5236783148","27,9476124203"
2008-10-29,"63,574189","71,5735526778","29,0088106759"
2008-10-30,"64,086536","58,8504254867","25,9909229227"
2008-10-31,"76,404038","51,0813917792","26,6852426040"
2008-11-01,"25,798207","61,0631172364","27,4929591481"
2008-11-02,"10,515579","73,3282048911","21,0587759331"
2008-11-03,"18,238903","50,5887469525","28,5999412932"
2008-11-04,"73,465595","52,0091678663","20,5530337300"
2008-11-05,"29,207329","67,3930883604","24,7562141478"
2008-11-06,"48,363279","68,7234134853","21,0459696914"
2008-11-07,"62,402253","68,1483030582","25,1927870294"
2008-11-08,"99,406980","79,8390973123","26,3268346253"
2008-11-09,"64,376060","70,7749276137","20,6491301204"
2008-11-10,"93,929122","71,0643298523","27,9779627358"
2008-11-11,"77,414472","63,1413978488","23,8793468101"
2008-11-12,"97,319896","66,6173352670","29,9133105406"
2008-11-13,"12,762728","60,8056847980","24,0872388036"
2008-11-14,"29,619190","79,2848158553","23,8469705148"
2008-11-15,"96,964453","58,2141347877","24,4228801186"
2008-11-16,"19,467874","70,7333362159","29,1041301551"
2008-11-17,"26,939142","63,6904112801","29,4080817605"
2008-11-18,"53,411091","63,6842961873","22,9660268628"
2008-11-19,"19,384524","53,0045308456","22,5269423340"
2008-11-20,"42,427324","67,6084509249","20,5001210513"
2008-11-21,"67,912019","60,2470304229","27,9836338365"
2008-11-22,"68,075214","57,3640454007","20,1177025981"
2008-11-23,"22,191212","55,9426753665","23,2020017782"
2008-11-24,"65,659489","55,2989517938","29,5374673700"
2008-11-25,"19,909899","57,6059642600","25,1244672645"
2008-11-26,"42,123006","65,2394702224","26,3544031025"
2008-11-27,"91,897847","74,8379837154","24,0872099744"
2008-11-28,"20,536867","79,2659895932","20,8845816809"
2008-11-29,"50,694701","50,8875328251","29,8534754087"
2008-11-30,"24,052168","53,8839698691","24,1735525377"
2008-12-01,"110,985962","80,5535170055","37,1484445988"
2008-12-02,"259,821698","68,9283706227",indisponivel
2008-12-03,"176,150963","64,0509006032","36,1894291570"
2008-12-04,"202,969675","67,6750937096","32,0628488203"
2008-12-05,"226,447031","62,1532171910","31,0530110549"
2008-12-06,"198,275394","70,9092456343","25,0274829800"
2008-12-07,"77,031160","85,3371440242","30,4922057102"
2008-12-08,"250,385254","74,9268917874","25,5019958535"
2008-12-09,"227,655836","72,1405326665","28,6608683504"
2008-12-10,"264,994762","88,2298506777","28,1413930299"
2008-12-11,"111,441111","92,4354360272","37,8300032429"
2008-12-12,"218,042690","60,5580895313","36,8010680974"
2008-12-13,"230,741826","77,8102459701","28,7753532264"
2008-12-14,"168,389856",indisponivel,"37,1159643015"
2008-12-15,"69,987097","67,5356962412","27,4887851854"
2008-12-16,"191,761426","61,8041172173","26,4893318026"
2008-12-17,"78,506071","83,3061548109","27,3552376187"
2008-12-18,"73,481652","61,3728934568","37,4513348882"
2008-12-19,"138,476117","92,9365137563","37,9067749390"
2008-12-20,"292,889331","71,4394122854","30,7027104607"
2008-12-21,"81,951202","84,3142676729","28,8205011783"
2008-12-22,"79,577518","77,5553996487","32,5751163380"
2008-12-23,"162,690306","88,2910370180","37,5612804564"
2008-12-24,"133,274857","73,7289262157",
2008-12-25,"205,903493","76,5643752178","28,3235042139"
2008-12-26,"117,415695","79,8462167926","37,5710995733"
2008-12-27,"98,634479","77,1533831642","32,5611673510"
2008-12-28,"203,604962","63,9456418403","30,9248655353"
2008-12-29,"277,842738","69,8583926154","30,0988317983"
2008-12-30,"206,005178","73,0574560638","30,8602994736"
2008-12-31,"65,954661","83,7838657274","28,0724056593"
2009-01-01,"231,057579","62,9627887890","32,9742899617"
2009-01-02,"186,125581",,"29,6992434805"
2009-01-03,"248,847417","79,6770013536","37,8213363345"
2009-01-04,"241,792368","65,9651556312","27,9126489351"
2009-01-05,"265,841257","75,8598480988","25,1975645762"
2009-01-06,"161,209894","73,7288717659","32,1491760927"
2009-01-07,"290,019922","77,9803038569","33,4018864323"
2009-01-08,"288,351528","83,5316323781","31,1748726402"
2009-01-09,"291,908535","69,6634982596","33,1381710583"
2009-01-10,"297,025915","65,7725886946","37,9250307985"
2009-01-11,"192,770486","71,8175401564","35,7797003869"
2009-01-12,"106,266326","61,7317619734","27,5585465240"
2009-01-13,"250,449703","71,9329294772","36,4743070706"
2009-01-14,"187,509564","84,4642257830","36,9421637388"
2009-01-15,"250,666555","77,6651636051","25,1976139791"
2009-01-16,"243,899489","76,3733153899","28,1490970871"
2009-01-17,"160,708829","80,3690526319","28,6272757788"
2009-01-18,"296,031864","74,0874932703","29,3368787241"
2009-01-19,"90,989923","73,0414666470","26,0779081879"
2009-01-20,"261,999633","72,8017422689","30,2749926867"
2009-01-21,"80,353364","61,8792339525","31,5015356362"
2009-01-22,"153,138801","67,7009507957","34,3716361312"
2009-01-23,"235,830200","93,9137027337","29,5438151380"
2009-01-24,"113,482739","74,6808310799","25,6078765392"
2009-01-25,"213,069317","88,7406385050","34,0765558218"
2009-01-26,"121,411759","62,5984494607","34,7122052552"
2009-01-27,"76,429984","80,4618974382","33,3482354122"
2009-01-28,"77,100981","91,2132551440","25,3837948887"
2009-01-29,"85,479627","85,7003590700","33,1699251480"
2009-01-30,"249,089312","94,9156835126","27,2871104957"
2009-01-31,"240,501960","65,6980164732","26,9105596694"
2009-02-01,"150,924055","92,6015214432","31,7482097011"
2009-02-02,"147,771781","71,0490287008","35,2468985527"
2009-02-03,"223,432103","91,7553790001","27,2008215746"
2009-02-04,"71,169003","83,8320965825","34,3462588889"
2009-02-05,"50,833683","71,9764821500","34,0993724334"
2009-02-06,"133,768367","79,8813353925","33,6087422988"
2009-02-07,"66,286942","75,8798786829","26,2943227368"
2009-02-08,"98,820016","88,6005643804","32,8643233387"
2009-02-09,"168,006686","88,9328203140","30,3466488421"
2009-02-10,"290,411911","79,9494384001","34,6446990615"
2009-02-11,"193,599361","85,6794063303","37,1597940744"
2009-02-12,"252,928084","67,1355432013","27,1628691879"
2009-02-13,"128,473182","61,1896681719","30,5130055293"
2009-02-14,"195,972202","63,2160106458","25,3340008718"
2009-02-15,"160,980844","63,0895589017","37,8053731259"
2009-02-16,"129,837621","94,6773510520","25,0739737274"
2009-02-17,"284,626365","81,3522446105","29,1576212680"
2009-02-18,"252,298637","82,5333743336","27,0926582211"
2009-02-19,"288,214071","89,5446509392","31,2483123516"
2009-02-20,"64,178327","63,4899595282","35,5656549592"
2009-02-21,"165,145143","84,2973209596","36,1585944881"
2009-02-22,"240,527569","89,3829990874","36,9518430865"
2009-02-23,"158,529282","85,8425491521","34,2818999464"
2009-02-24,"76,010445","84,8041582012","37,4301763514"
2009-02-25,"231,485097","66,3741126209","37,4096475215"
2009-02-26,"168,540754","75,3562802366","29,3691217630"
2009-02-27,"261,168633","69,0075200229","32,6543809222"
2009-02-28,"110,540808","63,0760865479","35,9063503885"
2009-03-01,"78,398021","89,8150482244",indisponivel
2009-03-02,"55,174660","77,4241275252","20,6503649041"
2009-03-03,"200,470940","65,0595762939","23,2806632594"
2009-03-04,"158,059454","67,8620320377","22,6252076553"
2009-03-05,"69,322887","68,8037122021","29,3850834361"
2009-03-06,"172,443546","61,9877395839","20,9142233643"
2009-03-07,"256,949186","88,7452223596","25,3457559360"
2009-03-08,"176,388401","68,5178947416","28,8350844426"
2009-03-09,"193,504868","83,5091126838","29,5595904365"
2009-03-10,"112,637058","65,5920447652","24,4068055045"
2009-03-11,"210,871171","84,7661836060","22,4685514014"
2009-03-12,"278,190121","85,5875766548","21,7563741561"
2009-03-13,"59,016314","75,2611844451","29,2971882357"
2009-03-14,"164,378785","70,3248439861","25,1805742152"
2009-03-15,"57,994733","64,5511100410","27,6935012305"
2009-03-16,"299,638957","85,4779718961","20,8274520178"
2009-03-17,"120,944991","64,4231701440","26,1857742570"
2009-03-18,"78,410635","84,4255745140","26,0104182893"
2009-03-19,"294,662059","90,6491568838","21,1757325788"
2009-03-20,"129,549723","66,7330737170","24,7528667346"
2009-03-21,"114,994172","68,8641627787","22,1908753874"
2009-03-22,"124,727434","72,8020049201","27,0191468145"
2009-03-23,"69,694324","88,7476023809","27,7568489279"
2009-03-24,"229,515556","78,4246566178","24,7989006085"
2009-03-25,"65,747162","80,5701027334","21,4777398354"
2009-03-26,"239,380084","88,6430643395","22,6250912955"
2009-03-27,"208,244646","78,4735335186","29,6909851466"
2009-03-28,"162,742431","72,5316184950","22,1408699758"
2009-03-29,"147,492002","75,7219595869","29,1769591476"
2009-03-30,"171,831371","86,4336949553","29,4399803619"
2009-03-31,"275,913073","76,3151214496","22,6805398763"
2009-04-01,"86,418887","70,7725845850","27,3023240951"
2009-04-02,"41,614323","57,6938627850","27,6954789004"
2009-04-03,"39,045941","65,5327354717","25,1608612963"
2009-04-04,"64,732782","52,4980299184","26,2662431109"
2009-04-05,"98,826591","65,2985501187","21,2500271257"
2009-04-06,"83,110818","53,3272738496","24,1186462940"
2009-04-07,"92,092162","68,0854641994","24,6168298486"
2009-04-08,"27,493250","62,1048390544","27,0689296306"
2009-04-09,"88,854892","61,3736376065","28,7780960176"
2009-04-10,"10,092949","57,6399627545","20,3784579007"
2009-04-11,"55,777326","54,2557561096","26,3990170614"
2009-04-12,"59,552243","61,5222589195","21,0455966638"
2009-04-13,"47,950942","66,4981669357","29,8106986872"
2009-04-14,"76,917555","78,2831293206","25,1185246220"
2009-04-15,"81,925361","68,6697781839","20,0620513122"
2009-04-16,"92,175154","65,5711628663","28,5784813748"
2009-04-17,"32,463115","69,0092834898","25,6596444995"
2009-04-18,"34,213449","69,5830659847","29,9793231363"
2009-04-19,"71,914532","57,6110980030","26,1162784793"
2009-04-20,"22,592931","79,4793642329","27,3029267218"
2009-04-21,"67,968529","56,5466360801","28,7432762473"
2009-04-22,"84,413637","68,0042526001","27,8812656054"
2009-04-23,"34,617922","68,8442846472","22,3578359859"
2009-04-24,"17,791278","50,3762324920","22,7941697579"
2009-04-25,"48,280882","57,6310079412","24,5017064368"
2009-04-26,"50,151818","68,4556576730","26,1821360646"
2009-04-27,"89,927405","57,6784779244","23,8437608973"
2009-04-28,"51,893342","60,9786217050","22,2736044155"
2009-04-29,"51,886133","69,9753615424","28,4506470047"
2009-04-30,"18,099630","68,0246755613","22,8628313910"
2009-05-01,"64,848389","73,5490446457","27,1414630839"
2009-05-02,"60,304464","56,7021734979","25,7607568305"
2009-05-03,"90,918247","61,5987773490","24,1438193390"
2009-05-04,"73,629615","60,7289537040","20,2780049618"
2009-05-05,"86,195243","77,4040559751","24,1696826054"
2009-05-06,"60,422614","63,1143782789","23,1197494742"
2009-05-07,"94,065780","72,9924594284","20,5683910451"
2009-05-08,"43,517841","60,3171621443","25,8739956686"
2009-05-09,"73,381810","51,9162856187","26,6604156711"
2009-05-10,"36,192727","54,1723817975","21,2697032753"
2009-05-11,"56,422422","52,4046885322","23,3089893964"
2009-05-12,"87,939302","78,9444225980","24,2990719468"
2009-05-13,"18,686032","65,6660137558","23,5095352831"
2009-05-14,"12,627408","53,4550572533","26,5058367031"
2009-05-15,"34,731375","51,1441253140","21,7466645201"
2009-05-16,"77,133008","71,5540231310","21,5276251569"
2009-05-17,"73,360359","78,6221461953","26,5344289308"
2009-05-18,"90,772968","72,0157066328","27,1503348254"
2009-05-19,"17,341793","51,7793218139","25,8594190378"
2009-05-20,"87,186258","58,5371471760","26,8339012375"
2009-05-21,"20,769857","63,8277453621","29,3813861677"
2009-05-22,"48,525807","67,4504207444","29,3882136069"
2009-05-23,"20,040894","63,6014542289","20,1116652288"
2009-05-24,"74,126672","60,4493313282","22,1720538476"
2009-05-25,"46,129467","57,7786265646","25,4951334612"
2009-05-26,"55,782648","63,9555769749","28,9539740600"
2009-05-27,"29,928437","56,3993435870","21,9394812610"
2009-05-28,"20,119599","64,8509323097","23,1946636988"
2009-05-29,"38,794139","54,5762030998","26,7422974142"
2009-05-30,"73,713124","55,1100796983","25,1217775048"
2009-05-31,"40,296446","63,2243669658","27,3842387426"
2009-06-01,"29,752460","42,1676449984","21,8283439440"
2009-06-02,"31,300533","48,6038564497","24,4179020753"
2009-06-03,"21,286383","67,9713297642","22,2097026708"
2009-06-04,"8,539611","56,5314336364","18,3904861919"
2009-06-05,"42,893808","61,8426544466","19,6875423381"
2009-06-06,"30,805035","45,3551505450","15,4454512737"
2009-06-07,"31,733751","64,8888407062","22,6661832672"
2009-06-08,"29,829114","40,4765929896","14,6655897585"
2009-06-09,"2,820756","52,7713556176","18,9592699833"
2009-06-10,"7,991858","64,0447005696","20,2039575669"
2009-06-11,"16,929756","43,5732993776","24,7578529711"
2009-06-12,"8,735204","49,3556067525","14,2672293069"
2009-06-13,"23,849291","45,8593418374","22,3327059599"
2009-06-14,"3,838979","64,9233381144","18,8070033237"
2009-06-15,"48,763151","54,9322821272","23,3958646723"
2009-06-16,"27,396340","62,4197280914","16,3702680689"
2009-06-17,,"66,1082747669","19,8621525414"
2009-06-18,"22,716090","46,8277428584","23,6682504347"
2009-06-19,"20,728409","53,1228448405","24,0093885851"
2009-06-20,"36,075418","40,2946803963","22,7449437224"
2009-06-21,"13,598427","67,1693738938","23,0138201373"
2009-06-22,"20,589094","46,5126564522","18,3406972564"
2009-06-23,"14,594399","64,3755903432","16,9277967683"
2009-06-24,"38,369588","64,7079282140","22,2935471291"
2009-06-25,"38,327159","42,7880139304","24,5330881723"
2009-06-26,"27,168936","68,4378236949","24,7848327920"
2009-06-27,"48,610565","53,8780564346","22,7830198500"
2009-06-28,"24,778611","47,3327222497","14,2629011543"
2009-06-29,"22,785756","44,2463918916","20,5556406303"
2009-06-30,"15,519903","42,2706061301","20,2548226965"
2009-07-01,"19,220077","40,6750015556","15,0186629037"
2009-07-02,"29,919080","61,8064549979","16,4843822426"
2009-07-03,"18,932163","40,3489070345","15,0078646171"
2009-07-04,"27,164164","52,2125347139",
2009-07-05,"10,706619","41,3903842161","14,2396465901"
2009-07-06,"40,828733",,"24,2929896847"
2009-07-07,"13,481034","55,7431271862","15,1875442268"
2009-07-08,"17,198992","45,8528634990","23,4033700934"
2009-07-09,"6,501548","49,8527796090","22,9486879035"
2009-07-10,"35,138944","57,5460571631","17,1382068474"
2009-07-11,"11,159556","58,4034832056","17,7588539030"
2009-07-12,"22,711737","45,4524379775","18,5575197487"
2009-07-13,"39,313486","54,8989915306","14,0623668643"
2009-07-14,"15,948266","58,0064631329","21,1894260740"
2009-07-15,"48,126488","43,0915161692","23,7843596429"
2009-07-16,"3,058315","69,1474621223","19,1971945441"
2009-07-17,"37,582616","48,7990438938","17,4289520148"
2009-07-18,"12,271626","41,9981899244","22,3057912334"
2009-07-19,"2,565624","48,3552771385","19,4478862582"
2009-07-20,"34,861285","40,2602505244","18,7256463264"
2009-07-21,"26,415026","42,1476522268","20,3131476298"
2009-07-22,"12,445636","42,1813817281","21,9667703651"
2009-07-23,"36,512573","41,8365315776","21,2175698499"
2009-07-24,"15,650922","57,8260643730","19,5768994986"
2009-07-25,"42,946296","55,6855724980","20,4797277090"
2009-07-26,"21,629355","40,0830504008","19,8639698718"
2009-07-27,"27,382587","52,5983549252","18,2124832462"
2009-07-28,"25,273306","59,4774518033","20,8926163117"
2009-07-29,"41,052689",indisponivel,
2009-07-30,"30,000708","54,6811268070","15,0946127306"
2009-07-31,"17,277311","62,5320584634","23,6936573682"
2009-08-01,"22,921687","42,7407170254","20,1887701525"
2009-08-02,"13,178712","62,0077372735","14,0369589059"
2009-08-03,"29,160679","69,5927950835","17,0008195293"
2009-08-04,"5,065067","56,7975313009","16,0771921483"
2009-08-05,"44,500981","56,1351001613","20,1401240382"
2009-08-06,"33,255921","57,7006523170","20,0700395090"
2009-08-07,indisponivel,"40,1010404423","23,1931955987"
2009-08-08,"29,168144","57,9583824911","19,6621156204"
2009-08-09,"49,960162","63,0220891990","16,2553645641"
2009-08-10,"19,019693","50,1747432773","15,8538490965"
2009-08-11,"27,291634","52,9578166990","21,3015208289"
2009-08-12,"33,905059","48,2572255956","23,2413344029"
2009-08-13,"17,195310","42,6353011168","20,5825768884"
2009-08-14,"9,144537","52,2852963820","17,7598293197"
2009-08-15,"8,953952","63,6296376051","22,3656915651"
2009-08-16,"36,880907","55,7517754365","19,1018672917"
2009-08-17,"40,818431","65,0119177953","23,9580030154"
2009-08-18,"18,815622","55,8732655736","19,6765944866"
2009-08-19,"9,995354","55,5579192904","21,4640895963"
2009-08-20,"44,861330","55,8610179558","17,3526357485"
2009-08-21,"5,231175","65,7057861059","24,9374114192"
2009-08-22,"33,194324","43,1833782142","21,5994730477"
2009-08-23,"33,095278","63,7013075144","19,9981397126"
2009-08-24,"41,310878","53,9253308281","23,0742719401"
2009-08-25,"44,049574","60,7757174230","22,1464627570"
2009-08-26,"38,673307","49,0770932079","16,8635837720"
2009-08-27,"7,313531","53,2870797895","24,9087085497"
2009-08-28,"39,997582","61,4983481205","18,3524752454"
2009-08-29,"4,610829","57,0810047948","17,6617921064"
2009-08-30,"19,592420","60,1573859675","23,0341766342"
2009-08-31,"2,134256","44,9059567419","21,6876674567"
2009-09-01,"31,135523","54,4407915740","28,8508177840"
2009-09-02,"34,670677","48,0702136352","28,1931379883"
2009-09-03,"1,523317","54,6788337337","22,7829522822"
2009-09-04,"49,212461","57,5565779418","21,5646991705"
2009-09-05,"13,017525","54,2446413598","24,2589414919"
2009-09-06,"14,820699","63,7533056916","23,2789158530"
2009-09-07,"30,823360","44,2580221682","28,9084067870"
2009-09-08,"7,189274","50,6708087284","20,3807668753"
2009-09-09,"24,023894","61,2286863719","28,7338563107"
2009-09-10,"46,985081","63,6635482434","21,6067654332"
2009-09-11,"16,388563","69,7532801900","23,5054437100"
2009-09-12,"36,195740","60,8945253626","23,1536951678"
2009-09-13,"41,347603","69,5518378589","20,5423692424"
2009-09-14,"38,006121","68,1041807811","23,9706701648"
2009-09-15,"41,932400","50,4763449989","23,7978196506"
2009-09-16,"11,161139","53,8798561950","27,1161738162"
2009-09-17,"4,256756","45,0104726621","25,1202524209"
2009-09-18,"24,255953","44,4277566536","28,6564021938"
2009-09-19,"44,714388","64,0166993029","27,2368777481"
2009-09-20,"7,937681","69,0127682684","20,6243578835"
2009-09-21,"32,603217","51,4832168139","23,2638748509"
2009-09-22,"45,780817","61,3143370947","23,9352442419"
2009-09-23,"14,489460","46,3944244760","28,8560995724"
2009-09-24,"36,238276","56,2815450810","25,6262081447"
2009-09-25,"41,149547",,"22,6781386598"
2009-09-26,"48,519285","63,0844397725","21,4860121423"
2009-09-27,"22,751555","64,9773004663","23,7203752911"
2009-09-28,"16,377905","54,1282910671","24,9135151143"
2009-09-29,"34,337434","54,7882221674","23,5992847837"
2009-09-30,"34,388421","59,0793346582","28,3871079278"
2009-10-01,"86,269736","64,0803313621","29,0373637402"
2009-10-02,"71,981422","72,9367269359","25,8999343013"
2009-10-03,"37,663504","60,0195099784","22,8439949034"
2009-10-04,"69,191351","74,2417931434","21,2409267481"
2009-10-05,"84,902403","68,8373406426","24,7152202282"
2009-10-06,"75,160691","70,8377403072","25,0341669587"
2009-10-07,"36,097147","75,0681672314","24,9761559034"
2009-10-08,"29,826457","70,3619683367","25,7032103590"
2009-10-09,"46,728556","70,9018619439","22,2813035442"
2009-10-10,"21,873013","63,3465293880","23,3909469886"
2009-10-11,"32,258837","55,2452182940","29,0811516246"
2009-10-12,"33,586609","64,9437099648","28,7518386622"
2009-10-13,"35,485404","57,6919988933","27,9839019528"
2009-10-14,"72,799247","69,3588469584","23,0876750896"
2009-10-15,"16,925346","61,3680157815","25,2218161742"
2009-10-16,"15,534164","73,5996014187","28,9688538284"
2009-10-17,"54,311159","61,6790679532","20,9005205018"
2009-10-18,"50,329202","67,6597507790","21,2779449053"
2009-10-19,"19,877610","63,4858252203","26,2883489250"
2009-10-20,"89,069335","53,7159262696","24,6311975024"
2009-10-21,"85,559354","67,3609729705","26,1248532545"
2009-10-22,"71,224547","73,3984408335","28,4381125491"
2009-10-23,"95,212579","65,0200432145","21,2147664215"
2009-10-24,"58,145346","64,9440468780","28,0827155456"
2009-10-25,"62,915136","63,4744088231","29,5444821145"
2009-10-26,"94,134341","57,5118542839","26,8651347337"
2009-10-27,"30,805399","79,8375369072","28,5540276563"
2009-10-28,"71,660479","57,1201003019","25,0783760726"
2009-10-29,"93,298663","61,2848784704","22,3279780574"
2009-10-30,"69,970138","72,4996032230","29,0922297448"
2009-10-31,"92,062720","65,2927873657","20,7156251677"
2009-11-01,"15,240569","60,6318421216","21,8963914265"
2009-11-02,"49,408869","67,2309034557","24,2135918794"
2009-11-03,"17,690827","61,4774582742","28,5920891047"
2009-11-04,"53,771306","51,1263534184","28,2893040405"
2009-11-05,"27,716008","60,5412402505","29,8283074481"
2009-11-06,"68,474168","67,7833649005","27,9806776934"
2009-11-07,"52,234735","55,6394759508","29,2965391535"
2009-11-08,"18,936084","74,2266922586","29,6458218514"
2009-11-09,"43,052505","53,9744321783","28,3922542070"
2009-11-10,"63,601862","62,2423195678","21,0180798017"
2009-11-11,"71,413392","76,0396744845","27,4290079281"
2009-11-12,"52,977205","62,3123326343","21,6801596955"
2009-11-13,"92,329302","71,3313171144","22,8585378582"
2009-11-14,"91,215433","75,5326425571","29,1168024259"
2009-11-15,"51,557684","64,0480056023","25,8342601063"
2009-11-16,"44,324100","76,7477137799","20,2714836377"
2009-11-17,"30,554944","79,0168481613","20,6717300174"
2009-11-18,"73,692604","63,6816167688","23,2842034257"
2009-11-19,"64,947223","78,3914043764","23,4498674499"
2009-11-20,"31,662154","72,6903257757","27,2205271849"
2009-11-21,"63,839427","50,0460146871","28,1117465057"
2009-11-22,"30,922677","64,9826426126","21,0050649049"
2009-11-23,"72,592399","74,0260689212","21,7777355384"
2009-11-24,,"74,0826721317","26,2573943992"
2009-11-25,"16,541962","71,5508946357","20,9947489166"
2009-11-26,"59,827453","60,7661767127","22,9964487757"
2009-11-27,"71,183290","58,5914924426","24,4508126496"
2009-11-28,"38,440574","77,6727678113","21,6259130006"
2009-11-29,"46,247875","79,9667099524","24,4217216325"
2009-11-30,"30,832526","68,2299936769","23,6058943572"
2009-12-01,"62,068397","87,7739020211","35,5829039342"
2009-12-02,"58,089465","73,9340736633","30,8152934599"
2009-12-03,"266,589948","92,8419518105","36,4647415307"
2009-12-04,"269,935281","75,2343699736","37,4120849413"
2009-12-05,"159,017820","91,1585504501","28,8709530000"
2009-12-06,"218,114897","72,2929966944","25,0045809440"
2009-12-07,"285,311141","79,3972095068","30,1192356072"
2009-12-08,"263,942037","74,7363712663","29,4575581098"
2009-12-09,"93,992681","94,4288672319","26,3706202858"
2009-12-10,"187,460162","92,8658135681","35,3590886180"
2009-12-11,"295,960732","94,3197044169","26,5204891878"
2009-12-12,"177,277970","69,8735601866","30,8224924736"
2009-12-13,"73,744871","64,7466141974","33,2087662187"
2009-12-14,"119,550446","90,8648892422","28,3356400176"
2009-12-15,"128,536899","87,7569103588","27,5863279823"
2009-12-16,"108,888900","87,5611141380","25,2528403497"
2009-12-17,"133,259893","91,4961001615","30,7421732069"
2009-12-18,,"82,5601883367","28,8766005526"
2009-12-19,"177,110034","94,9398841799","32,5537316122"
2009-12-20,"136,413473","67,0363511950","30,8936813055"
2009-12-21,"221,129911","72,7011644045","33,7054588223"
2009-12-22,"227,032950","78,1584766954","25,6235392627"
2009-12-23,"110,070786","83,8162143544","35,2305066281"
2009-12-24,"169,994184","86,0359246901","37,3116095439"
2009-12-25,"135,932654","88,7186700183","25,1782513809"
2009-12-26,"151,937369","94,4823645017","31,0380777117"
2009-12-27,"137,671662","88,8892741049","35,1749069124"
2009-12-28,"61,872098","78,5815314624","36,6145552107"
2009-12-29,"64,715161","88,9994131973","37,9638818976"
2009-12-30,"262,446511",indisponivel,"32,4009519800"
2009-12-31,"203,412435","94,9711249620","30,5761584241"
2010-01-01,"108,005096","77,3452787141","35,7429787962"
2010-01-02,"268,895342","89,6129688727","35,5176047493"
2010-01-03,"169,029328","94,9829775895","30,0807209505"
2010-01-04,"149,258217","69,5915516930","29,2629345804"
2010-01-05,"222,718377","84,6388017417","31,7193436025"
2010-01-06,"118,294095","80,6140700325","26,8040411119"
2010-01-07,"258,289238","83,1539280655","30,8666907693"
2010-01-08,"105,333797","64,0496089378","29,4167196945"
2010-01-09,"134,513806","82,4951806213","30,3814596608"
2010-01-10,"192,521903","84,6270857523","28,3518969672"
2010-01-11,"239,582047","92,0430240496","34,1619783362"
2010-01-12,"184,735876","94,6820763838","31,5713053432"
2010-01-13,"175,587281","85,1597842340","36,6781986782"
2010-01-14,"287,792966","72,7661554235","29,3636234978"
2010-01-15,"129,800753","85,2118130013","33,8840223054"
2010-01-16,"107,877254","88,7682591261","29,4435878365"
2010-01-17,"110,520001","82,2433578995","29,4312004874"
2010-01-18,"131,571411","88,4022998353","31,0908957565"
2010-01-19,"210,195399","87,3809479913","31,5338996054"
2010-01-20,"92,726092","80,5002618180","34,7490853683"
2010-01-21,"128,548587","75,6331430381","32,1816121345"
2010-01-22,"171,316301","70,2356919635","33,6203009934"
2010-01-23,"269,162694","90,1501978494","37,8667096308"
2010-01-24,"66,220562","78,1754505576","27,4367842315"
2010-01-25,"229,823957","81,9715010569","28,5210865789"
2010-01-26,"131,296992","79,0253597862","26,2271533747"
2010-01-27,"97,240743","91,7572164991","37,5799345499"
2010-01-28,"137,569304","80,5748811012","33,0292604449"
2010-01-29,"66,919073","82,5185078526","30,2594571369"
2010-01-30,"270,822954","89,9319220743","36,0251433983"
2010-01-31,"263,464320","90,0658485481","32,7505055023"
2010-02-01,"75,850150","60,5135690300","34,8554825143"
2010-02-02,"255,474864","68,2325417935","28,5786825232"
2010-02-03,"217,640955","80,8205455077","34,8096362394"
2010-02-04,"116,361848","71,8960419658","35,6092470421"
2010-02-05,"134,659652","72,5044513475","36,1870543575"
2010-02-06,"256,278644","86,0104300737","31,5859238989"
2010-02-07,"253,454901","83,5045432364","32,9523084586"
2010-02-08,"107,160218","79,1202117410","26,8534552655"
2010-02-09,"288,372391","70,7788735120","32,7330925821"
2010-02-10,"265,768117","93,5214474060","26,0196514449"
2010-02-11,"162,564734","64,8766410222","32,6922084175"
2010-02-12,"239,442901","62,8536088366","28,0984423174"
2010-02-13,"217,208954","64,6319910535","28,7605798116"
2010-02-14,"292,166496","62,8670663842","33,7825662457"
2010-02-15,"78,468492","73,7207008915","32,6519307975"
2010-02-16,"142,274727","69,0827164872","36,2616151620"
2010-02-17,"234,443388","64,9999260653","35,3022622791"
2010-02-18,"85,146457","61,5927900732","33,1306962528"
2010-02-19,"274,026548","90,6922430700","28,3607371915"
2010-02-20,"195,335516","86,5729753721","37,7985487535"
2010-02-21,"201,238769","83,4414932313","33,2687512670"
2010-02-22,"53,544587","74,8260031418","26,6117947272"
2010-02-23,"170,051494","74,7089305607","37,6058261318"
2010-02-24,"116,382389","80,0757944004","25,5653010779"
2010-02-25,"58,056172","74,7026800715","29,3805501970"
2010-02-26,"120,310760","85,0174769138","28,9609138306"
2010-02-27,"161,090769","87,8010977290","33,3231137097"
2010-02-28,"294,834751","78,3962906545","36,2293643676"
2010-03-01,"155,213826","89,3190714898","23,5561702115"
2010-03-02,"78,236427","92,6715931171","27,5634375648"
2010-03-03,"214,000337","88,5766806568","29,6547741766"
2010-03-04,"136,409116","68,5542126282","27,1350008153"
2010-03-05,"111,139029","87,7529594433","21,1037619196"
2010-03-06,"238,754756","68,9620009675","21,2421100014"
2010-03-07,"281,131869","79,0276834474","26,0581984593"
2010-03-08,"96,821881","83,8150155610","25,2644109574"
2010-03-09,"126,310104","66,6885253486","20,9362127305"
2010-03-10,"92,453829","75,1104413673","23,6749481989"
2010-03-11,"229,917962","89,2754122924","21,3470996230"
2010-03-12,"107,960354","60,8024606177","28,5959886848"
2010-03-13,"191,978078","62,2840149233","22,3674744299"
2010-03-14,"119,311355","85,4157478506","28,5673450407"
2010-03-15,,,"21,8569980677"
2010-03-16,"79,730159","66,2168657512","24,8168588424"
2010-03-17,"212,620534","67,2229767116","24,4471134822"
2010-03-18,"228,326166","77,1767021805","29,0860966148"
2010-03-19,"78,445247","83,8553706849","23,4451119838"
2010-03-20,"138,966680","92,7690469353","22,3169359064"
2010-03-21,"243,738676","66,1071746681","22,1546377790"
2010-03-22,"162,548210","76,4267457358","22,7711948652"
2010-03-23,"122,204384","91,3020632600","21,0271835414"
2010-03-24,"180,533172","73,0997275663","25,1223015170"
2010-03-25,"220,918779","60,6407092165","22,7352495822"
2010-03-26,"77,839315","72,7882729186","24,2064088523"
2010-03-27,"64,504745","89,7761177860","29,8265690282"
2010-03-28,"54,868477","75,5136230393","28,6730734229"
2010-03-29,"70,211263","87,3866951352","26,7440543957"
2010-03-30,"186,543719","84,4544356914","26,1179097184"
2010-03-31,"106,895004","80,9591527307","25,2791112371"
2010-04-01,"87,185371","77,2150975320","22,8321016512"
2010-04-02,"30,316216","66,0835591234","22,7258615093"
2010-04-03,"74,975627","75,1804106970","25,9562813242"
2010-04-04,"27,336392","54,1773136016","27,3678683358"
2010-04-05,"11,655473","77,8105986173","28,5025304799"
2010-04-06,"47,180413","63,7751720887","23,6271775592"
2010-04-07,"57,263388","75,4937218276","27,0280057680"
2010-04-08,"52,659070","77,4182641274","20,5836907646"
2010-04-09,"35,561684","70,6669214780","25,0603222689"
2010-04-10,"76,437725","75,3593793736","22,8845767974"
2010-04-11,"79,757192","54,8116389684","24,7167728176"
2010-04-12,"87,427978","67,1387413555","27,7322017896"
2010-04-13,"23,275007","67,4479679112","25,9436063229"
2010-04-14,"68,223808","71,1909093270","20,9248963652"
2010-04-15,"92,231733","66,6737311165","27,8880323778"
2010-04-16,"26,170187","72,8642480647","29,3804190996"
2010-04-17,"59,592315","61,0607383782","27,0027853695"
2010-04-18,"58,696296","52,4562102155","28,0990219657"
2010-04-19,"56,558291","70,5866713060","28,1451430765"
2010-04-20,,"63,4193403306","25,1010195053"
2010-04-21,"41,920821","74,5282166817","23,9541867988"
2010-04-22,"26,570825","77,6614560139","21,5953355711"
2010-04-23,"71,022080","78,6147480786","27,6580447858"
2010-04-24,"34,836774","69,7298738717","21,3814219375"
2010-04-25,"24,381129","72,3387143906","24,8727148763"
2010-04-26,"78,596801","72,0938454853","20,5745458532"
2010-04-27,"32,942291","78,3154235181","25,0729186044"
2010-04-28,"62,627845","64,3241671626","25,2710934137"
2010-04-29,"85,973987","76,4645557401","24,8185113207"
2010-04-30,"83,564987","59,3851843179","23,3121885147"
2010-05-01,"12,625529","75,9599103443","22,9016254547"
2010-05-02,"18,611287","68,6006778289","25,3541156495"
2010-05-03,"12,120950","51,5051967682","20,9050660102"
2010-05-04,"10,682009","52,6835527619","23,1544315393"
2010-05-05,"85,909577","74,7341003408","22,2234246121"
2010-05-06,"60,734164","63,5953695097","28,6025436226"
2010-05-07,"13,147921","63,5406552655","21,8596378230"
2010-05-08,"48,093787","74,8634948691","24,5002553803"
2010-05-09,"98,517916","51,4659348468","29,5728495174"
2010-05-10,"41,805686","56,5741614127","25,9936906159"
2010-05-11,"53,302902","61,7189281352","20,4912723640"
2010-05-12,"20,457034","51,6415812080","27,6080929893"
2010-05-13,"85,838560","70,9104608419","21,5341022468"
2010-05-14,"92,938413","79,0159617334","27,9175583665"
2010-05-15,"20,263528","55,9294604955","27,0813944615"
2010-05-16,"40,761216","72,5187234560","29,0789254688"
2010-05-17,"83,514679",,"24,8878362139"
2010-05-18,"87,485633","53,9389681892","23,4766198246"
2010-05-19,"14,612446","60,6038653940","26,1171753347"
2010-05-20,"47,768972","78,0328504926","21,4234177266"
2010-05-21,"92,974016","73,9085230805","29,0210046441"
2010-05-22,"58,483270","76,1544719657","22,0435553168"
2010-05-23,"64,484951","64,4279430769","22,4975879439"
2010-05-24,"34,020999","67,5857031893","28,3714199388"
2010-05-25,"82,365077","76,2288345071","21,8287511007"
2010-05-26,"80,177129","72,6534657477","25,9848544634"
2010-05-27,"43,843474","66,3043973633","29,4886851044"
2010-05-28,"40,706417","54,2549310219","21,1794192086"
2010-05-29,"94,577410","65,7984948017","22,6238177219"
2010-05-30,"29,412548","76,9801947765","24,3648165153"
2010-05-31,"13,833002","71,8739591031","24,3080225264"
2010-06-01,"31,017586","56,5504798381","18,6243595349"
2010-06-02,"10,424456","64,6482423185","19,5788349737"
2010-06-03,"47,910055","47,5935215452","22,0383843054"
2010-06-04,"27,503126","66,2803257098","17,0199294773"
2010-06-05,"2,258156","50,5200506777","23,0184235882"
2010-06-06,"27,676357","50,8091651946","18,2171103833"
2010-06-07,"35,495581","54,1979587713","21,4324434386"
2010-06-08,"15,008809","58,5260143689","21,9507770547"
2010-06-09,"18,393707","60,0397038503","23,7944484780"
2010-06-10,"28,814330","68,7291067817","19,9592104359"
2010-06-11,"10,735925","53,4010787995","23,6150495751"
2010-06-12,"45,792923","58,4210265513","18,4516556144"
2010-06-13,"43,166362","63,6645419423","14,2952786474"
2010-06-14,"48,148883","58,8977945162","20,5340363835"
2010-06-15,"5,736896","60,6138338717","21,7667908245"
2010-06-16,"40,909618","46,0388606693","24,8829004785"
2010-06-17,"18,220606","68,6789230340","22,3303997524"
2010-06-18,"27,540314","60,7981020366","20,3334163701"
2010-06-19,"17,427794","54,6729614487","18,9907284741"
2010-06-20,"24,050109","50,1717371522","23,4484506369"
2010-06-21,"13,728649","69,1480652282","14,4122244923"
2010-06-22,"26,524371","64,7868480306","16,9497578783"
2010-06-23,"12,370223","40,6910577237","23,4869830026"
2010-06-24,"28,445827","50,2574284864","19,6398423918"
2010-06-25,"35,086607","68,0225981400","20,1175637235"
2010-06-26,"5,738615","54,4303285237","16,3256237040"
2010-06-27,"10,783541","54,6644284947","16,6451616329"
2010-06-28,"39,734623","40,1482243660","18,4489925290"
2010-06-29,"40,167080","41,3431774964","20,5152696146"
2010-06-30,"26,671788","48,9819880289","21,8071648910"
2010-07-01,"41,497598","66,5282140574","22,1116921337"
2010-07-02,"0,399722","42,7154144417","15,0639919389"
2010-07-03,"18,672172","63,2873184673","18,5187998463"
2010-07-04,"11,916175","54,7088963609","22,3361979519"
2010-07-05,"47,138342","62,0664967100","21,1283415997"
2010-07-06,"44,732502","58,4455027323","19,0240956505"
2010-07-07,"6,742981","56,0632770089","23,4909750000"
2010-07-08,"47,875247","40,3365592681","21,1183564149"
2010-07-09,"37,037381","62,9901462305","18,8813747701"
2010-07-10,"6,576808","42,1737034539","15,0744493693"
2010-07-11,"20,076489","45,6619541616","17,5332484080"
2010-07-12,"46,254716","41,3948628025","15,5888203151"
2010-07-13,"9,185207",,"24,4835838115"
2010-07-14,"24,866943","64,7654546385","20,7126450408"
2010-07-15,"0,025189","53,4123744924","17,6100201398"
2010-07-16,"5,712738","44,2668684248","21,7615659840"
2010-07-17,"35,325476","55,2477216791","23,6161676638"
2010-07-18,"32,460963","62,6540939993","15,1074297056"
2010-07-19,"4,084216","64,4416176849","23,0876336434"
2010-07-20,"14,495100","66,4202493642","19,9379110161"
2010-07-21,"13,567033","67,4098246924","15,1796231687"
2010-07-22,"21,683744","41,3176122479","14,9990572235"
2010-07-23,"12,000981","43,7885375967","18,9572788266"
2010-07-24,"39,492784","57,2494523016","18,7247653165"
2010-07-25,"24,593152","51,8541811668","24,1925484867"
2010-07-26,"17,381142","46,1905986666","23,2647138716"
2010-07-27,"40,855447","51,9028805989","22,5641469210"
2010-07-28,"22,878501","61,2574254846","21,8845973810"
2010-07-29,"18,718342","52,9763590841","14,9430302044"
2010-07-30,"41,066838","63,5780104948","23,8725148822"
2010-07-31,"3,803333","64,3770771328","15,6208841189"
2010-08-01,"40,682185","52,6293431657","15,8251815392"
2010-08-02,"18,419408","48,8142128219","16,2400647583"
2010-08-03,"46,026456","59,1970500519","22,5328394055"
2010-08-04,"27,261863","67,7785745676","16,7321848146"
2010-08-05,"18,202739","42,9937051874","18,4607339845"
2010-08-06,"9,956188","65,5270328679","24,1128718262"
2010-08-07,"42,225559","60,4301514057","16,0156349380"
2010-08-08,"18,740255","64,0454058596","22,8204951424"
2010-08-09,"1,788795","58,0562181311","24,3679506677"
2010-08-10,"11,117357","56,1652550897","24,3190106535"
2010-08-11,"12,988346","59,5909998986","18,2620842248"
2010-08-12,"19,963309","60,4806840720","22,4940232879"
2010-08-13,"45,691331","59,6091430161","21,7220168636"
2010-08-14,"34,820864","57,7918105222","22,7624582178"
2010-08-15,"3,943871","41,3958443338","16,2467602332"
2010-08-16,"35,247329","53,9507587268","23,6853018422"
2010-08-17,"24,417281","65,2511463691","15,9218707966"
2010-08-18,"17,250684","63,9314007192","23,8870992732"
2010-08-19,"33,553271","50,0015028988","24,4121406540"
2010-08-20,"43,282406","51,7341820022","15,1367772045"
2010-08-21,"47,905452","50,6898429151","17,4613957627"
2010-08-22,"41,447157","41,5758479113","24,4792843324"
2010-08-23,"30,800481","46,9530429213","21,2707285532"
2010-08-24,"6,068128","55,5108553714","15,7176798048"
2010-08-25,"12,020714","59,7556392093","15,7073995280"
2010-08-26,"22,161829","67,3485781024","15,6702190848"
2010-08-27,"40,634679","57,7447149601","17,2958207581"
2010-08-28,"49,329632","68,3940529009","15,8659977111"
2010-08-29,"31,006541","50,6193646562","24,1681847690"
2010-08-30,"7,763372","68,7005000006","23,2014272950"
2010-08-31,"45,467926","48,2227022452","24,8099777046"
2010-09-01,"41,932734","65,4246334993","28,3772272613"
2010-09-02,"5,253364","64,9345909703","28,6796134754"
2010-09-03,"38,718388","42,2217034349","29,1511346314"
2010-09-04,"33,435025","51,3235759677","23,5701017113"
2010-09-05,"42,844402","41,1745328621","26,9014702789"
2010-09-06,"16,867953","42,8670796787","29,3351364641"
2010-09-07,"48,942127","51,2358540322","27,7230372371"
2010-09-08,"26,591080","61,7837618084","21,4955204562"
2010-09-09,"33,145594","55,6437915163","29,0790258936"
2010-09-10,"44,615095","53,0495841053","20,9504025260"
2010-09-11,"46,966974","58,0847508095","23,5214458593"
2010-09-12,"25,746911","68,0343609045","21,7718474462"
2010-09-13,"38,267695","58,7830926167","29,3427370773"
2010-09-14,"31,646927","57,6046767483","21,9677363671"
2010-09-15,"11,053536","68,3461464030",indisponivel
2010-09-16,"27,665965","65,3637829443","28,5845321506"
2010-09-17,"5,815829","67,9648855027","26,1904069495"
2010-09-18,"20,422453","47,0467835744","24,2986835923"
2010-09-19,"23,728556","56,0361659185","20,8948214909"
2010-09-20,"17,660533","57,7177344201","29,1210749146"
2010-09-21,"0,416923","67,9822397183","23,2153139099"
2010-09-22,"15,312032","67,5361980726","24,4726308325"
2010-09-23,"16,675290","62,5341076891","26,8395138635"
2010-09-24,"38,145096","59,3339190348","29,3879731856"
2010-09-25,"23,400161","61,6118848695","22,8963392052"
2010-09-26,"29,588481","46,2316856857","24,0779569609"
2010-09-27,"26,060296","43,4074807640","26,4716915420"
2010-09-28,"14,574641","53,0389291875","20,6197687288"
2010-09-29,"9,611304","66,8497978906","22,7887490760"
2010-09-30,"26,211538","57,4118047519","20,8571984507"
2010-10-01,"78,596032","59,1325226381","26,8850325903"
2010-10-02,"93,154354","76,3845847316","21,0577991038"
2010-10-03,"52,959928","72,4629891103","26,5923303331"
2010-10-04,"67,471807","79,0756823463","27,7439376380"
2010-10-05,"81,682434","58,7430726602","24,4782235757"
2010-10-06,"60,377268","61,0753118723","25,6648706021"
2010-10-07,"10,914278","57,6250135347","25,8719647868"
2010-10-08,"93,011588","72,5980904147","20,1727114807"
2010-10-09,"65,347418","52,5174695731","21,1247056844"
2010-10-10,"87,872054","79,8648623338","22,9442462245"
2010-10-11,"28,295102","51,2216830704","23,6133670737"
2010-10-12,"80,823091","63,5149858907","26,6488635694"
2010-10-13,"71,742772","63,3511288707","25,1254919908"
2010-10-14,"22,029367","64,0118365901","20,6054837615"
2010-10-15,"49,243982","61,5900724375","25,4748837882"
2010-10-16,"41,573326","72,8157403737","21,0244516242"
2010-10-17,"92,325199","62,2467941972","20,5743182826"
2010-10-18,"99,205354","72,9099109136","23,6178144416"
2010-10-19,"43,170236","72,3520792879","28,4231404162"
2010-10-20,"38,944192","70,9737725376","23,6111609623"
2010-10-21,"53,036860","57,1386739729","27,9580719925"
2010-10-22,"84,115561","70,5859482972","23,2269148006"
2010-10-23,"94,908940","63,2860544011","23,4421265616"
2010-10-24,"97,073930","69,2231418069","29,0648061667"
2010-10-25,"46,088762","69,4240602310","22,5042496338"
2010-10-26,"81,113472","72,3599311018","28,6742820270"
2010-10-27,"84,257880","52,9300234919","24,7650546573"
2010-10-28,"97,666508","66,3680978751","27,9685783259"
2010-10-29,"44,632851","77,5100959881","29,1977290993"
2010-10-30,"89,555813","78,4126002965","24,6505589770"
2010-10-31,"77,784812","51,3631426605","25,4907431505"
2010-11-01,"87,542807","64,0334220866","26,0698030197"
2010-11-02,"12,347622","65,2674121343","24,8453376543"
2010-11-03,"77,352181","50,1978760509","25,5090838637"
2010-11-04,"98,160889","57,3792808886","21,5425148032"
2010-11-05,"87,804031","52,8536177143","26,4833067517"
2010-11-06,"62,496863","70,6510906960","23,2189599489"
2010-11-07,"85,777244","74,5109766470","21,4636010499"
2010-11-08,"49,093410","74,3414709738","22,3787325224"
2010-11-09,"27,993506","60,9655493451","23,1223350226"
2010-11-10,"37,367558","50,0104143572","21,8994991128"
2010-11-11,"43,160145","62,7144795261","23,5162876834"
2010-11-12,"72,486546","55,9896746695","22,6171451490"
2010-11-13,"44,439274","66,8984063190","24,9150019934"
2010-11-14,"88,227280","64,6785309121","20,9610384001"
2010-11-15,"70,914980","64,0100801211","24,5812205284"
2010-11-16,"73,987740","67,3792427822","27,8586174050"
2010-11-17,"25,118820","70,2404927214","29,5948764321"
2010-11-18,"15,660160","61,4411321920","22,5653624452"
2010-11-19,"68,326610","58,2733870866","26,6636633506"
2010-11-20,"16,747632","68,7445985696","21,4201898422"
2010-11-21,"32,605393","63,4712880835","20,9746309669"
2010-11-22,"38,619441","75,2604007565","23,2095547125"
2010-11-23,"93,525240","61,3554932332","22,1200614608"
2010-11-24,"47,147836","77,4234059719","23,9323702914"
2010-11-25,"34,336294","78,8543472238","29,5087304501"
2010-11-26,"91,881524","60,2408543417","25,0723570603"
2010-11-27,"49,995041","56,6664574542","20,1531680500"
2010-11-28,"81,649738","67,2628984353","25,1423838481"
2010-11-29,"12,433301","68,3691070899","23,8148119154"
2010-11-30,"32,056006","79,2959132961","23,4195894951"
2010-12-01,"211,455152","77,3630794970","29,0840724726"
2010-12-02,"63,673675","67,0838542855","26,8675534508"
2010-12-03,"283,086494","76,2537171689","27,4576446590"
2010-12-04,"231,587623","84,9851206846",
2010-12-05,"222,573917","70,3364113316","33,0451808353"
2010-12-06,"98,095214","91,0181750436","35,9993967886"
2010-12-07,"297,653741","68,5705393645","25,3950624050"
2010-12-08,"263,556454","83,8888152473","34,3982192837"
2010-12-09,"77,716994","93,5415076602","36,3130744877"
2010-12-10,"111,600128","84,1523695320","34,3806699806"
2010-12-11,"231,626278","62,6440323843","31,8452858847"
2010-12-12,"133,566413",indisponivel,"32,3657554608"
2010-12-13,"143,747486","60,4572368727","37,9364165265"
2010-12-14,"181,603708","78,5882561197","32,4570425746"
2010-12-15,"150,582976","66,0691326503","36,7208181291"
2010-12-16,"227,193501","70,0403233541","34,8877427237"
2010-12-17,"273,101618","86,8964099224","27,7534360747"
2010-12-18,"112,325772","73,5964165818","26,5639958000"
2010-12-19,"253,363599","76,2555138225","37,8155924194"
2010-12-20,"123,972332","68,0886921565","34,5967669918"
2010-12-21,"80,231404","68,4059258205","32,9814734696"
2010-12-22,"209,942873","85,9518487700","32,0520229555"
2010-12-23,"254,587165","88,0692148373","31,7464554179"
2010-12-24,"199,637463","77,5733851581","35,6425219588"
2010-12-25,"74,310494","91,4265074762","26,9880929638"
2010-12-26,"267,334376","74,5635724929","30,0553203491"
2010-12-27,"99,038454","79,2469542327","25,7577592532"
2010-12-28,"89,471033","94,1381237218","34,1412047005"
2010-12-29,"124,955405","60,2868172846","25,5090921845"
2010-12-30,"124,628579","90,6660109019","30,3753289959"
2010-12-31,"249,596370","75,1665503790","32,0484432207"
2011-01-01,"177,781434","82,7437393262","27,0302776510"
2011-01-02,"112,466409","81,0277533971","27,6601162052"
2011-01-03,"147,940748","85,8758910934","27,8904257500"
2011-01-04,"117,925063","90,2037021974","32,4238207368"
2011-01-05,"230,719024","80,5698092289","34,3550691521"
2011-01-06,"279,343527","60,0335498675","25,5529369355"
2011-01-07,"139,929908","76,9698115616","29,4391377449"
2011-01-08,"169,114364","86,8424108086","25,3373452063"
2011-01-09,"242,475874","86,4490035812","36,2195596661"
2011-01-10,"53,971067","63,0596219304","29,8097673815"
2011-01-11,"295,456868","70,2777358509","31,6413579336"
2011-01-12,"163,392667","69,9037048816","34,8917276268"
2011-01-13,"289,349704","78,5683576882","28,7892946003"
2011-01-14,"158,742414","86,4633630906","35,8339515222"
2011-01-15,"179,768407","66,1470961231",
2011-01-16,"79,977172","67,3798592203","33,9420986860"
2011-01-17,"296,627020","72,2955847806","27,4133415542"
2011-01-18,"195,906432","86,9941533074","25,2869105312"
2011-01-19,indisponivel,"93,3878385436","32,2366620552"
2011-01-20,"287,432249","61,6791809654","35,7947671866"
2011-01-21,"201,339284","62,7349004237","26,3048695188"
2011-01-22,"296,407757","86,0618960138","37,1671192709"
2011-01-23,"250,769287","86,7704976961","28,4285034578"
2011-01-24,"180,013658","82,5938898232","36,0494505092"
2011-01-25,"258,520186","60,2305500210","33,8610525108"
2011-01-26,"104,127332","81,0072851467","37,2009773578"
2011-01-27,"286,050954","70,2784665619","31,0081167854"
2011-01-28,"193,533728","74,9307616640","28,0714228665"
2011-01-29,"62,315110","62,0607050703","26,0771618998"
2011-01-30,"223,720345","82,8303860799","27,3490510325"
2011-01-31,"86,289031","64,7046403542","25,0428696502"
2011-02-01,"108,088558","70,9174277458","30,8684235915"
2011-02-02,"127,501271","60,2572709349","26,0588143422"
2011-02-03,"233,175238","85,5013295458","33,8037792631"
2011-02-04,"146,805299","66,0198067545","28,3499322599"
2011-02-05,"258,615838","71,0319995027","31,1471423383"
2011-02-06,"204,278641","92,6656633952","36,9251509492"
2011-02-07,"133,196134","88,0858683822","30,3832984031"
2011-02-08,"200,814431","82,9268879541","33,3552363278"
2011-02-09,"256,337838","87,7144066741","25,7991315398"
2011-02-10,"246,941406","91,5721225183","30,5037040601"
2011-02-11,"151,882702","84,2978202491","31,9802128440"
2011-02-12,"176,617772","62,5938236786","29,3063106424"
2011-02-13,"220,639971","84,2710335687","32,0439867867"
2011-02-14,"168,923313","60,8451678335","35,9549222503"
2011-02-15,,"86,4891908028","30,5368580395"
2011-02-16,"249,368688","62,7890092041","31,3277598740"
2011-02-17,"217,604533","72,1862310078","34,3378788469"
2011-02-18,"293,491383","60,7131092344","36,2665756819"
2011-02-19,"258,450521","76,4960715213","29,4483989399"
2011-02-20,"83,997160","70,4704695255","30,9477110411"
2011-02-21,"155,183724","63,1567943967","35,8349883734"
2011-02-22,"107,180002","81,9602251547","31,6927417963"
2011-02-23,"204,503140","92,5737302654","31,1584128698"
2011-02-24,"137,156992","88,6134334248","37,0120280277"
2011-02-25,"52,147860","72,8610909581","33,5198820681"
2011-02-26,"220,672783","70,8090964852","35,0271105411"
2011-02-27,"263,901660","81,5721806596","30,1486025053"
2011-02-28,"151,859758","94,0373420016","34,7781383214"
2011-03-01,"93,142966","67,5967023637","29,0385151105"
2011-03-02,"177,761205","94,5295044557",
2011-03-03,"191,422046",indisponivel,"25,5386714026"
2011-03-04,"247,702419","87,1436172492","27,1707513174"
2011-03-05,"119,331296","91,9633164621","29,8203155359"
2011-03-06,"226,096265","70,9524879578","22,8821935726"
2011-03-07,"290,231871","67,7153190857","21,6456098441"
2011-03-08,"57,831284","78,3616467036","22,4997724096"
2011-03-09,"158,690601","73,5857095987","21,8558050463"
2011-03-10,"269,030596","68,4406055974","27,8316877951"
2011-03-11,"169,586242","85,3656582135","21,6617177914"
2011-03-12,indisponivel,"82,6878353784","21,1194432408"
2011-03-13,"185,185477","65,5939432919","20,9005228483"
2011-03-14,"234,909081","80,7589699235","24,8803530205"
2011-03-15,"89,949103","71,9321494023","24,9984346469"
2011-03-16,"187,470598","78,1689639234","26,3224484311"
2011-03-17,"91,363032","72,7387818766","23,1107931357"
2011-03-18,"161,756029",,"27,3426799133"
2011-03-19,"224,789050","61,7316357922","22,5738205029"
2011-03-20,"268,700843","84,5095064635","26,3621659503"
2011-03-21,"245,533402","84,4413559234","27,1482096998"
2011-03-22,"68,031833","61,6229486380","25,3556443291"
2011-03-23,"199,861762","63,8964962464","29,1521609664"
2011-03-24,"100,354811","77,6199385914","21,4437504727"
2011-03-25,"206,514061","84,1140774014","23,8366777208"
2011-03-26,"219,457981","73,4479346432","26,5317960638"
2011-03-27,"222,126831","75,1852359550","20,4327535005"
2011-03-28,"105,592399","70,4538212600","20,8790418666"
2011-03-29,"218,443820","81,9821570028","26,7533572593"
2011-03-30,"266,600411","72,1692886341","25,5676756018"
2011-03-31,"74,611325","83,5692312533","27,1973235886"
2011-04-01,"59,745562","75,3844760936","20,7547422880"
2011-04-02,"83,174430","69,2051439687","22,8728744370"
2011-04-03,"36,001767","70,4263601460","25,6695629915"
2011-04-04,"41,434156","79,3681535431","20,3034000906"
2011-04-05,"87,643019","58,6670089505","20,0413769515"
2011-04-06,"84,297167",indisponivel,"23,1991217495"
2011-04-07,"13,867686","58,1436980102","28,4100704174"
2011-04-08,"97,330095","66,1027900049","27,7484896724"
2011-04-09,"24,997793","64,6944517649","24,9338273223"
2011-04-10,"85,930500","72,3472448599","24,9616137197"
2011-04-11,"12,092355","72,5739405721","20,2659774460"
2011-04-12,"63,878981","77,3719826988","25,0748331414"
2011-04-13,"25,202180","69,5289695705","20,0358799277"
2011-04-14,"46,984408","67,8370844178","29,4093712662"
2011-04-15,"54,613990","69,8552834234","26,8509849726"
2011-04-16,"31,270414","66,7577877314","28,4555739231"
2011-04-17,"22,241248","58,9074220916","21,5832639163"
2011-04-18,"35,319615","73,1073077740","23,4907895965"
2011-04-19,"13,173371","78,4305416177","21,4202146614"
2011-04-20,"58,743637","62,5138885334","20,1347908571"
2011-04-21,"85,123339","76,9549316003","24,9391820119"
2011-04-22,"99,153730","61,1876576400","27,9952326352"
2011-04-23,"76,894375","64,5433033890","24,0249787664"
2011-04-24,"24,322213","59,8307794880","28,9928753595"
2011-04-25,"56,577509","69,9719131531","29,9955612071"
2011-04-26,"62,320455","53,9896251411","29,5158441939"
2011-04-27,"10,036986","66,4871774233","28,7466119790"
2011-04-28,"58,207889","50,8813859924","29,8470320315"
2011-04-29,"94,159895","64,2084006832","27,9032820092"
2011-04-30,"65,274358","73,6453540234","21,9484639744"
2011-05-01,"84,917797","65,9844419802","24,9197480286"
2011-05-02,"83,647163","60,2687589359","25,3530800890"
2011-05-03,"75,665787","62,1582520946","27,4308114777"
2011-05-04,"24,845108","58,1449097480","25,2406618215"
2011-05-05,"99,374177","61,3323409530","27,5716846773"
2011-05-06,"24,733324","79,0167162372","25,7948544155"
2011-05-07,"41,710227","66,2619156513","26,7037044387"
2011-05-08,"27,318386","74,6715758667","21,3155648466"
2011-05-09,"76,093954","71,1455562467","25,8291769158"
2011-05-10,"82,617552","77,6656036269","22,3174543042"
2011-05-11,"16,088204","77,1655246390","20,2438471006"
2011-05-12,"65,041658","56,1212835594","23,0195386089"
2011-05-13,"28,341149","79,2963120071","29,4864824575"
2011-05-14,"78,455273","53,6503832832","20,3871616720"
2011-05-15,"41,588184","53,7460657883","27,5938899826"
2011-05-16,"82,683076","68,5608053494","20,5723663363"
2011-05-17,"69,760664","60,4413317267","22,4036365459"
2011-05-18,"70,606138","51,5825695982","26,7246125366"
2011-05-19,"43,598367","75,0737737402","27,6352875824"
2011-05-20,"54,338716","53,8644537816","22,9663472519"
2011-05-21,"68,844101","73,9790565584","23,5199986387"
2011-05-22,"47,507447","79,0776590935","25,9630558460"
2011-05-23,"17,048348","76,5053896493","29,3879172372"
2011-05-24,"74,674581","68,2071144840","28,6928814695"
2011-05-25,"61,929799","52,1576121861","22,3729744835"
2011-05-26,"84,392577","50,4437061621","20,1753981603"
2011-05-27,"44,079827","56,9306171159","25,9080900173"
2011-05-28,"67,347172","54,5835085067","24,3568408706"
2011-05-29,"99,522015","58,7087144215","27,7899192032"
2011-05-30,"45,527298","63,5086930388","28,0755940086"
2011-05-31,"34,978851","59,7279586821","23,0543729338"
2011-06-01,"9,247069","48,3349624070","14,7147079291"
2011-06-02,"45,601284","66,2551481128","20,1438633906"
2011-06-03,"39,274974","40,1166458720","16,1989738519"
2011-06-04,"27,253221","58,1863459090","24,7942632567"
2011-06-05,"45,853296","63,6092014729","21,3755466315"
2011-06-06,"9,593032","68,9195048772","16,5159103805"
2011-06-07,"12,995541","42,1262599525","15,6572959050"
2011-06-08,"24,240365","57,1801580525","24,7699689335"
2011-06-09,"36,080763","57,2049327158","14,5493999062"
2011-06-10,"36,382177","47,2343297321","22,1594625389"
2011-06-11,"38,365323","56,2246881429","15,5940744510"
2011-06-12,"42,638549","58,5113483109","18,3734374553"
2011-06-13,"41,510593","41,2695252401","15,3652316315"
2011-06-14,"36,905210","63,3890388336","20,1351085167"
2011-06-15,"0,949531","55,8089852756","17,8937270489"
2011-06-16,"21,469813",,"23,3774445417"
2011-06-17,"10,241210","57,4834041136","14,2121167096"
2011-06-18,"34,743958","51,4778003910","19,4323595696"
2011-06-19,"29,990292","64,4320235224","18,9689049783"
2011-06-20,"45,354159","58,0814296031","14,7904263977"
2011-06-21,"22,618459","47,7990281283","15,6608448534"
2011-06-22,"20,212376","60,3315867376","18,7239323528"
2011-06-23,"17,327591","59,2875574762","24,9041367617"
2011-06-24,"11,489764","58,9986834708","22,8654285120"
2011-06-25,"20,371700","55,9254428650","15,5073334974"
2011-06-26,"17,997672","52,5112662630","21,0690891903"
2011-06-27,"19,148565","47,4954752230","18,6305060477"
2011-06-28,"31,811765","58,7458535207","20,0921134783"
2011-06-29,"14,376643","68,3426130420","21,6458053342"
2011-06-30,"25,187613","58,4907331249","18,5875523836"
2011-07-01,"10,623556","51,7044045924","14,2239365111"
2011-07-02,"44,672264","56,8156634899","15,5907798733"
2011-07-03,"38,550227","67,9387995256","21,3765081389"
2011-07-04,"36,197444","46,9511293613","21,5654052771"
2011-07-05,,"54,5070916967","16,8250980659"
2011-07-06,"31,684017","65,6835013292","20,9687809858"
2011-07-07,"44,165192","47,9618312560","20,1549988362"
2011-07-08,"24,087644","45,0472733556","20,2729474779"
2011-07-09,"27,545081","65,0076422832","18,9588781082"
2011-07-10,"6,988837","44,6551625529","22,4062586195"
2011-07-11,"8,348781","53,7489290053","22,0897797718"
2011-07-12,"28,140721","45,9415906562","16,6810250339"
2011-07-13,"35,504456","47,6132585964","17,1951617356"
2011-07-14,"10,101914","60,5947197018","14,2801681312"
2011-07-15,"46,734109","45,2664009446","23,3190288702"
2011-07-16,"33,060003","53,8705411158","14,1736922154"
2011-07-17,"20,593210","69,9790135747","14,4337597722"
2011-07-18,"6,094394","47,3965105840","23,0546699202"
2011-07-19,"46,480064","57,9604169715","21,7401886962"
2011-07-20,"1,722640","66,0100548191","15,1326872861"
2011-07-21,"14,188742","68,9916935800","21,4242735489"
2011-07-22,"15,354974","54,9488618959","20,6990690341"
2011-07-23,"18,088558","64,3101065556","18,9461083418"
2011-07-24,"24,260521","44,7995269095","19,6769081466"
2011-07-25,"27,852183","53,1405206849","21,0051836134"
2011-07-26,"7,583557","67,1557719851","16,2876646418"
2011-07-27,"2,281691","61,7412544599","17,4033990836"
2011-07-28,"44,073215","46,6897944219","18,8774814166"
2011-07-29,"1,412775","57,8250016682","24,6849915894"
2011-07-30,"17,885086","49,9507402183","22,0846741080"
2011-07-31,"29,363937","62,5674037917","20,0443319622"
2011-08-01,"45,712157","44,6666787887","22,1071393699"
2011-08-02,"19,435286","69,2720066255","24,0938731653"
2011-08-03,"16,060986","61,1165188619","16,0225849819"
2011-08-04,"10,173656","62,8852996121","23,3044785718"
2011-08-05,"17,541376","59,8899119109","18,2684459730"
2011-08-06,"44,717747","46,9397966766","14,7984912415"
2011-08-07,"20,809676","51,0150061254","23,6132945173"
2011-08-08,"38,720597","48,5394997654","22,6645015226"
2011-08-09,"21,545684","56,6695997000","24,7793979829"
2011-08-10,"36,215203","42,5033061552","22,0668644489"
2011-08-11,"39,004008","40,4645041555","23,5995811809"
2011-08-12,"7,699432","69,1674144635","16,6923031406"
2011-08-13,"42,442197","46,3676213522","21,7021557343"
2011-08-14,"33,589082","56,7725210771","19,2209796499"
2011-08-15,"38,275418","46,6072135864","24,2077951828"
2011-08-16,"3,166404","57,1329061695","16,2000331950"
2011-08-17,"38,723376","55,4637841073","21,8853297159"
2011-08-18,"46,588107","65,8573786900","18,7238157323"
2011-08-19,"23,610580","59,5965732749","18,3851684487"
2011-08-20,"43,586672","60,6479143404","23,3823138808"
2011-08-21,"20,951608","62,8610016316","22,6863295539"
2011-08-22,"33,442053","52,1109197517","15,2919309398"
2011-08-23,"27,975085","43,2192424259","18,5524900227"
2011-08-24,"42,783662","42,4240666778","16,4624430085"
2011-08-25,"19,770143","50,6012255616","21,3448249032"
2011-08-26,"20,967052","56,3240741577","20,6367111395"
2011-08-27,"8,347239","49,1848791065","14,1252327625"
2011-08-28,"14,886251","52,6705274015","22,8294014133"
2011-08-29,"40,466915","46,2680505950","19,0775657465"
2011-08-30,"45,148519","67,4488875329","15,9987251733"
2011-08-31,"21,446507","54,1043003228","24,1375782246"
2011-09-01,"27,005991","69,8868601693","28,8992121363"
2011-09-02,"46,490990","43,0624969378","26,8475389726"
2011-09-03,"39,427202","52,9906036437","29,1045075561"
2011-09-04,"6,323851","68,9524142671","29,1637594245"
2011-09-05,"36,911103","61,5930659497","26,9136539249"
2011-09-06,"10,058258","61,4598788600","25,5241142880"
2011-09-07,"29,786814","45,6399086525","27,9827103888"
2011-09-08,"2,515273","44,0537530827","25,8642540655"
2011-09-09,"11,252052","48,3924501873","27,3264370996"
2011-09-10,"11,577780","66,8602037008","21,8020611784"
2011-09-11,"45,519379","54,6728706761","27,1716502458"
2011-09-12,"47,087343","64,6515383595","24,0278259975"
2011-09-13,"18,896754","61,3698339978","21,6176753720"
2011-09-14,"10,581944","62,3959712476","24,5289985466"
2011-09-15,"35,413483","58,2149372600","29,7794855001"
2011-09-16,"26,313821","62,6360256060","21,6446629659"
2011-09-17,"49,354543",,"20,6356151887"
2011-09-18,,"57,8456710540","20,5500066561"
2011-09-19,"2,545518","42,2083463549","29,8143823385"
2011-09-20,"46,625114","46,4067195434","29,0541893676"
2011-09-21,"35,644215","62,1436252699","27,4147364742"
2011-09-22,"41,608987","61,4908416782","25,5843644748"
2011-09-23,"8,492837","55,1733081558","22,9084421294"
2011-09-24,"10,687713","42,1289402351","20,3679045834"
2011-09-25,"23,668446","59,2575828368","22,9995255128"
2011-09-26,"8,616748","53,4789588347","28,5756498489"
2011-09-27,"8,808365","42,8123049402","24,3621914796"
2011-09-28,"24,889825","69,1961574966","26,4788231197"
2011-09-29,"4,088762","67,6724252061","28,1511458415"
2011-09-30,"21,129455","57,2324216925","25,8685132674"
2011-10-01,"61,274735","79,9036463355","21,1149835769"
2011-10-02,"81,327221","52,1847661880","28,9918961875"
2011-10-03,"14,918650","55,3582098874","24,3612212832"
2011-10-04,"91,565313","71,7408174748","21,3627182542"
2011-10-05,"49,907680","51,1255476583","22,2872905682"
2011-10-06,"58,747569","79,6520039814","23,4647983733"
2011-10-07,"96,139238","71,5701881253","21,7062968170"
2011-10-08,"97,061885","68,9717831958","21,6939344544"
2011-10-09,"47,059669","74,4264870425","24,4552914840"
2011-10-10,"89,540393","58,3697314794","21,8516749573"
2011-10-11,"71,244681","52,3377560293","26,4620407564"
2011-10-12,"11,261395","71,5687737948","21,8061868841"
2011-10-13,"82,053090","67,1731633548","28,9146804596"
2011-10-14,"17,493133","66,4230109230","24,1086212860"
2011-10-15,"70,898661","51,3850524178","26,8339490417"
2011-10-16,"56,678243","51,5252830840","21,7968260429"
2011-10-17,"76,436982","74,3742146974","28,0597122278"
2011-10-18,"74,861114","78,0605460010","22,4992847306"
2011-10-19,"61,889371","71,9710510732","23,3256427590"
2011-10-20,"73,567806","59,0399843693","21,3288794744"
2011-10-21,"39,165647","70,1859256562","27,5237410389"
2011-10-22,"15,199742","57,9781316317","24,2344613429"
2011-10-23,"89,224125","65,7302600500","21,4104689504"
2011-10-24,"66,870324","66,7449410356","20,0080418360"
2011-10-25,"43,419989","72,4524883333","27,6643357276"
2011-10-26,"79,519995","55,2722015124","21,7040421635"
2011-10-27,"17,961805","66,0691956183","27,0621824204"
2011-10-28,"17,410404","50,3070982910","27,5969689137"
2011-10-29,"12,996354","68,8050920538","24,7264779918"
2011-10-30,"30,254991","69,6076435108","21,5074728807"
2011-10-31,"52,959768","62,9271133658","27,0650470411"
2011-11-01,"85,513014","67,4199041634","20,0190547232"
2011-11-02,"62,008339","76,3770576043","28,3288675043"
2011-11-03,"19,153547","57,4842628305","28,6566308432"
2011-11-04,"17,350502","55,7235388181","25,0293588085"
2011-11-05,"71,501381","61,4442857866","29,1039545660"
2011-11-06,"36,104791","78,5260341126","28,0849955254"
2011-11-07,"37,072788","53,4436358477","21,6005464466"
2011-11-08,"62,659158","56,3807383815","21,8960151375"
2011-11-09,"61,696531","60,6941362969","26,0820893294"
2011-11-10,"13,458663","68,4724080484","22,6400103273"
2011-11-11,"88,083214","70,7954254812","25,8697829091"
2011-11-12,"36,844296","52,8929092739","22,1575099623"
2011-11-13,"31,200885","78,8435546025","27,5835922837"
2011-11-14,"47,484155","52,8683969051","24,3082991265"
2011-11-15,"84,695854","71,0582862717","23,7144159261"
2011-11-16,"41,744640","64,0492329756",indisponivel
2011-11-17,"96,693576","55,7947483564","20,8734632425"
2011-11-18,"18,226983",,"26,9766084497"
2011-11-19,"21,593907","78,9662342619","28,3077616560"
2011-11-20,"69,328738","76,3255121866","29,5206504135"
2011-11-21,"65,204169","66,4769668112","22,5785035134"
2011-11-22,"74,258004","57,2226721572","20,9694652677"
2011-11-23,"84,311671","74,9943168360","28,5496199678"
2011-11-24,"60,736254","61,4093443988","29,9706228573"
2011-11-25,"94,344328","79,0842643403","20,4469590074"
2011-11-26,"14,068199","61,2302856819","25,9455518582"
2011-11-27,"35,270916","65,6088334055","29,0534638573"
2011-11-28,"20,239116","79,1250824501","21,5177063397"
2011-11-29,"22,142004","54,3848610051","20,8835645816"
2011-11-30,"95,252436","71,2076515126","27,2579849169"
2011-12-01,"105,550308","66,7933342367","27,5310871064"
2011-12-02,"190,469802","71,3894911021","34,9754707074"
2011-12-03,"133,655282","89,9190010651","37,3196451892"
2011-12-04,"244,502359","72,1748969367","35,3311875000"
2011-12-05,"89,104412","73,9800394053","25,9995331631"
2011-12-06,"178,287313","64,9056093386",indisponivel
2011-12-07,"149,279703","60,6930920077","31,1116835030"
2011-12-08,"273,421032","87,4939356379","35,0706435816"
2011-12-09,"299,958662","77,5070844716","37,0214579407"
2011-12-10,"95,417868","77,9277878254","28,7379935079"
2011-12-11,"242,626106","89,3082560654","28,7736387910"
2011-12-12,,"60,7419899777","36,0793818007"
2011-12-13,"75,758899","78,6910906948","34,2904831299"
2011-12-14,"131,115984","72,8534539448","37,8113825557"
2011-12-15,"256,398522","84,8581258721","31,5489086510"
2011-12-16,"277,363232","93,8935205383","29,8721975258"
2011-12-17,"155,557671","88,4413798287","33,3818879073"
2011-12-18,"189,152488","84,7529148401","34,4149993804"
2011-12-19,"193,125400","93,1475976168","35,4371826410"
2011-12-20,"164,823779","82,7393084011","37,5542976032"
2011-12-21,"214,657119","89,1303844888","29,0827634808"
2011-12-22,"189,267460","85,8961655531","36,0912276695"
2011-12-23,"233,133672","83,9130600457","31,0451959922"
2011-12-24,"149,437770","63,1531741090","26,0350083704"
2011-12-25,"52,403264","93,3812231571","36,3213724482"
2011-12-26,"84,743831","68,8207688551","31,6796194376"
2011-12-27,"106,029463","87,8133216399","26,5682417356"
2011-12-28,"228,165868","62,3658157475","30,8162215881"
2011-12-29,"185,699379","77,0155895723","27,2649599733"
2011-12-30,"295,353000","84,5830129626","36,4009142944"
2011-12-31,"238,064258","74,3435243043","37,2885845983"
2012-01-01,"99,506770","64,1865391795","29,3914318555"
2012-01-02,"222,613387","91,6620845772","29,6851750792"
2012-01-03,"177,848000","78,2785066716","28,7403858775"
2012-01-04,"53,957787","61,9581361450","34,4986759953"
2012-01-05,"269,022895","84,8461346115","37,5907789151"
2012-01-06,"258,317342","65,0219543662","30,6824992992"
2012-01-07,"268,857358","70,1215471711","31,6629422687"
2012-01-08,"274,601763","89,8829720889","34,8642251495"
2012-01-09,indisponivel,"78,1865384862","34,8953929264"
2012-01-10,"82,302016","68,3670929181","26,4896696966"
2012-01-11,"162,877887","71,8355348692","26,4449013173"
2012-01-12,"66,053735","61,2834600719","35,2904632526"
2012-01-13,"194,170983","90,4514871224","35,5921241026"
2012-01-14,"194,871741","92,0431207941","27,0594182655"
2012-01-15,"57,307216","79,8517439934","31,9477859153"
2012-01-16,"202,170336","81,9143789083","36,7991551230"
2012-01-17,"75,765046","73,1976824028","26,6460109370"
2012-01-18,"154,312319","78,1280147405","35,9569225266"
2012-01-19,"69,804833","78,1155555380","33,8024882872"
2012-01-20,"166,092745","93,1231765938","34,4196918379"
2012-01-21,"97,083981","80,7686899490","27,1786335890"
2012-01-22,"273,332497","63,9254963572","37,2664517828"
2012-01-23,"251,574463","67,3151738169","26,9017690158"
2012-01-24,"62,418596","75,2455941493","34,7777828722"
2012-01-25,"165,280156","89,2688479754","32,0613710881"
2012-01-26,"203,762171","76,9737244500","27,7552526454"
2012-01-27,"292,199220","71,8039624399","32,0598158076"
2012-01-28,"166,919799","61,1263995062","26,0972270275"
2012-01-29,"280,013683","82,1263187969","35,5892065150"
2012-01-30,"191,998908",,"28,3969238287"
2012-01-31,"55,571917","77,3166531389","35,1666398582"
2012-02-01,"257,627158","92,6819827154","27,9700607454"
2012-02-02,"87,491016","60,1359947661","25,0799140049"
2012-02-03,"208,091685","61,5253644257","34,7034975639"
2012-02-04,"239,654572","64,2233489122","28,1662687061"
2012-02-05,"224,437275","92,6954657935","25,5166644644"
2012-02-06,"98,107256","73,8980374680","34,2309313110"
2012-02-07,"213,492104","72,4188795879","32,7471437887"
2012-02-08,"136,810459","94,3880495566","32,2726941041"
2012-02-09,"181,552368","88,1071862347","33,8429593832"
2012-02-10,"69,150513","87,7242887798","27,3970817099"
2012-02-11,"103,088434","77,6384332224","25,9555077365"
2012-02-12,"99,221757","60,7771429468","35,7406142125"
2012-02-13,"100,988335","67,6475829201","25,7276510073"
2012-02-14,"224,741043","86,1502826844","30,0830576915"
2012-02-15,"258,678803","77,1890225566","28,5196747588"
2012-02-16,"72,720032","76,8456688814","31,1857078783"
2012-02-17,"212,033644","90,5149088996","35,7939881003"
2012-02-18,"114,416549","73,6137137090","37,9230953756"
2012-02-19,"223,227749","74,5114633363","28,5906297055"
2012-02-20,"280,161123","63,3318755431","37,2565306449"
2012-02-21,indisponivel,"81,5403436854","36,6575608882"
2012-02-22,"263,779160","63,8811872278","36,6745540394"
2012-02-23,"240,691025","66,4537220214","36,8208783408"
2012-02-24,"150,753713","94,4070490866","31,5823257851"
2012-02-25,"206,804438","62,5639326479","37,6963416810"
2012-02-26,"235,540292","70,0127708535","27,1032642623"
2012-02-27,"277,694928","80,3298815567","32,9984110179"
2012-02-28,"205,589976","60,7375525076","25,3219474623"
2012-02-29,"164,391575","80,7685006269","27,8506678162"
2012-03-01,"71,220940","74,0525499658","21,5063967653"
2012-03-02,"183,625535","66,6633442922","21,8566108568"
2012-03-03,"87,162843","81,1273012038","20,5227781851"
2012-03-04,"108,062970","65,7365280811","22,7232619957"
2012-03-05,"72,861074","77,0386040108","26,5490138765"
2012-03-06,"272,116109","85,6836445929","26,5718570230"
2012-03-07,"263,656495","91,8800222743","23,2663283240"
2012-03-08,"249,609387","77,7523330137","25,2425162724"
2012-03-09,"214,029802","62,9984363377","25,9094581126"
2012-03-10,"262,926285","62,0224799088","21,3126905804"
2012-03-11,"250,557977","87,5556520924","21,8617847483"
2012-03-12,"294,957274","72,2101525067","20,7394002526"
2012-03-13,"108,203173","91,1526455992","26,9228319129"
2012-03-14,"259,998344","62,4334339769","23,2954834000"
2012-03-15,"275,043603","87,4294225019","21,8033977521"
2012-03-16,"206,497359","64,4126739692","29,8330779209"
2012-03-17,"239,586620","81,2105017649","25,2257067965"
2012-03-18,"76,623938","62,0477432016","24,0512881393"
2012-03-19,"198,710983","86,1236114000","21,1221364711"
2012-03-20,"254,984424","66,4382376386","25,8976711871"
2012-03-21,"126,637512","70,2471377290","27,3776016389"
2012-03-22,"287,978476","88,4134289225","20,3092138404"
2012-03-23,"193,991076","64,6007991184","21,3667295901"
2012-03-24,"60,265905","77,2803088251","28,5912040112"
2012-03-25,"185,855668","79,3510068916","22,6086756501"
2012-03-26,"267,558785","94,5650703242","23,7459628441"
2012-03-27,"159,520227","87,7230753926","29,3865445307"
2012-03-28,"243,401434","68,2399641311","22,0132275978"
2012-03-29,"289,426240","92,8151974355","27,9809809611"
2012-03-30,"96,310421","86,5215674729","28,3050512280"
2012-03-31,"263,138073","85,9912698229","21,1951410864"
2012-04-01,"43,617894","75,4513981835","28,1920804367"
2012-04-02,"93,338044","54,6091231935","26,9921949892"
2012-04-03,"14,560986","65,1825287914","23,9893290427"
2012-04-04,"99,425213","77,9499326457","27,4702530736"
2012-04-05,"25,414300","75,3629329551","22,8390129002"
2012-04-06,"15,556063","75,3932466931","28,9428474788"
2012-04-07,"63,213975","63,6588357987","20,9115148731"
2012-04-08,"30,533108","51,0240975629","20,2117994760"
2012-04-09,"19,920491","72,9493951816","26,7332334165"
2012-04-10,"54,841647","56,6980134812","28,4887645847"
2012-04-11,"58,355290","57,3965853997","28,2981185885"
2012-04-12,"42,577368","58,9148640613","27,5495782375"
2012-04-13,"36,541533","73,9543649273","22,1575123171"
2012-04-14,"85,946098","67,6285554125","22,1349527736"
2012-04-15,"95,083964","72,0759706008","21,3653706808"
2012-04-16,"36,603121","56,4182065395","27,6805232309"
2012-04-17,"70,771334","71,8460530927","29,6663604350"
2012-04-18,"17,532727","75,9332920954","27,1597519100"
2012-04-19,"25,590462","70,7484139224","29,3768803758"
2012-04-20,"56,430812","68,8260767306","20,7108043611"
2012-04-21,"67,398727","61,9486910766","23,6126430440"
2012-04-22,"93,320874","68,0951136453","23,6222162150"
2012-04-23,"50,343711","72,1230564817","26,7032811388"
2012-04-24,"99,059253","52,2972666707","23,0046246897"
2012-04-25,"49,259196","55,0075501030","22,9163494252"
2012-04-26,"35,407289","79,2846068194","28,9324133933"
2012-04-27,"25,236853","63,0660826689","20,5602020601"
2012-04-28,"64,109792","52,6948536885","29,9098611837"
2012-04-29,"45,673700","70,4906811737","24,3944325857"
2012-04-30,"25,932077","53,3809801914","21,6066422770"
2012-05-01,"39,553094",indisponivel,"25,8322209062"
2012-05-02,"59,968424","68,2226187492","22,4908818795"
2012-05-03,"78,463984","73,0458311257","23,6771618204"
2012-05-04,"80,939364","62,0244955086","27,5704864086"
2012-05-05,"84,627837","68,3692698489","23,5607556340"
2012-05-06,"11,314555","66,5381970027","25,5948671385"
2012-05-07,"83,754918","53,4737209471","20,6153583155"
2012-05-08,"68,229812","71,3848934882","29,9608682123"
2012-05-09,"61,729404","57,9611493659","21,1502443680"
2012-05-10,"50,195333","79,2181679979","29,2251550061"
2012-05-11,"78,345125","73,8607250754","24,3105702866"
2012-05-12,"13,317578","57,5489694847","21,1885215666"
2012-05-13,"14,443755","70,8932170107","27,0632406508"
2012-05-14,"82,839014","55,8059813992","23,8777679952"
2012-05-15,"41,818759","68,6718879593","26,5622912061"
2012-05-16,"90,728489","74,1611638631","22,1850942070"
2012-05-17,"61,222510","71,9621946246","20,7109247279"
2012-05-18,"48,495837","78,2112908159","24,5041913138"
2012-05-19,"58,484694","69,8882127124","26,4531421882"
2012-05-20,,"77,1861307277","21,1163857017"
2012-05-21,"54,865046","72,8556560020","25,6583229329"
2012-05-22,"14,804312","54,8833057875","20,8342340561"
2012-05-23,"91,343695","54,6974658504","20,4912467582"
2012-05-24,"50,465923","61,6757702508","29,5745124755"
2012-05-25,"85,687538","74,3452672336","20,1744194334"
2012-05-26,"44,905904","74,3149329986","22,7647706434"
2012-05-27,"74,564252","78,4576197053","22,9002436873"
2012-05-28,"53,765099","73,0082750400","22,0659331462"
2012-05-29,"51,971664","73,5263422228","22,8943771863"
2012-05-30,"25,481212","62,2754299838","25,8021073610"
2012-05-31,"18,621101","61,4934003035","24,3704548435"
2012-06-01,"34,249631","49,7584419535","23,5852164306"
2012-06-02,"4,257710","66,9935429405","19,4052386462"
2012-06-03,"49,067791","43,7373896077","20,3701996025"
2012-06-04,"12,485292","64,0343198804","18,6937016843"
2012-06-05,"1,316501","62,4868894687","15,9904303332"
2012-06-06,"31,364468","63,5849549654","21,9947400406"
2012-06-07,"26,823279","40,0716414694","20,2789724228"
2012-06-08,"15,500318","46,9849172545","21,5257025075"
2012-06-09,"14,731722","46,8982208756","20,6831035704"
2012-06-10,"23,647808","54,2357184237","22,7164155030"
2012-06-11,"42,037134","56,8001376640","17,3950587492"
2012-06-12,"48,383310","51,9097404058","19,9143965478"
2012-06-13,"16,284631","50,4110437042","22,3055580315"
2012-06-14,"3,478378","60,4135785615","18,1726544821"
2012-06-15,"41,138715","61,7516591013","24,1913216412"
2012-06-16,"39,652366","56,2934455056","17,0793303293"
2012-06-17,"40,748702","44,9741157078","22,9159269178"
2012-06-18,"30,098455","47,8418499769","20,5796504307"
2012-06-19,"6,627770","47,9143244768","20,7908992420"
2012-06-20,"5,292953","57,8086480756","16,8594881060"
2012-06-21,"25,453398","56,3346461401","20,2433554784"
2012-06-22,"8,124675","60,5597226189","21,7681755563"
2012-06-23,"10,423069","40,3152338854","15,8819870203"
2012-06-24,"24,603124","42,5903659091","15,6826049625"
2012-06-25,"47,672772","68,2181485166","20,1825890908"
2012-06-26,"21,960719","42,0704529420","17,0158799883"
2012-06-27,"3,298220","45,1560767300","21,0130212650"
2012-06-28,"26,297662","56,4033933205","15,5679857515"
2012-06-29,"17,682618","59,2671473387","18,6380891801"
2012-06-30,"38,880574","62,6207373503","17,5114999592"
2012-07-01,"7,459936","42,1754470163","24,3339152055"
2012-07-02,"8,286660","44,9113435114","17,7296777102"
2012-07-03,"30,069471","51,9071127338","23,4162186141"
2012-07-04,"46,860289","44,5025652517","14,3432099084"
2012-07-05,"31,117056","53,6354740521","18,5027701531"
2012-07-06,"9,288711","62,1524773066","23,4369238415"
2012-07-07,"3,520627","66,8739461825","15,3793424507"
2012-07-08,"18,280756","53,3279188109","19,2956401763"
2012-07-09,"21,209890","40,1086260735","15,2961915295"
2012-07-10,"40,462914","49,7550660227","15,3200499422"
2012-07-11,"1,886500","52,0156878443","16,5844732536"
2012-07-12,"24,521347","59,0205201175",
2012-07-13,"47,115205","53,9141481484","17,3608801022"
2012-07-14,"10,980655","61,9124146518","14,5758860438"
2012-07-15,"38,029229","68,0347624881","14,1840804338"
2012-07-16,"33,874546","53,0868343530","23,9180919521"
2012-07-17,"25,063940","57,4895918160","14,3266592645"
2012-07-18,"28,662477","52,8162562101","17,8836090748"
2012-07-19,"46,195595","46,3991085257","16,7388980111"
2012-07-20,"1,198003","50,8556555371","22,0738979822"
2012-07-21,"10,399442","51,0703925490","17,2888449458"
2012-07-22,"2,769224","52,6431937391","21,5861725256"
2012-07-23,"19,581664","57,2235817569","22,5123373660"
2012-07-24,"44,530291","63,2816867428","21,6439178296"
2012-07-25,"4,993169","67,7890225721","22,4490677894"
2012-07-26,"28,301471","69,0132543019","20,7441175834"
2012-07-27,"49,248377","42,1176182570","16,2291346138"
2012-07-28,"16,729011","47,6833097591","18,4456505887"
2012-07-29,"12,710345","51,7531212420","19,4674120872"
2012-07-30,"11,841118","58,7169756259","18,3962292787"
2012-07-31,"26,572180","65,6559038635","16,1270897003"
2012-08-01,"21,965474","52,3163705646","16,4050074834"
2012-08-02,"20,115611","55,4521060453","19,4088647407"
2012-08-03,"2,947073","57,0893155709","18,4956211570"
2012-08-04,"46,084417","54,2534182219","20,6656593617"
2012-08-05,"37,639020","57,8749692466","21,7292957456"
2012-08-06,"27,587154","46,9927812354","16,1135097287"
2012-08-07,"48,815169","43,9809617797","16,5124402251"
2012-08-08,"14,281832","67,8170591263","16,7112376494"
2012-08-09,"7,681165","61,4300007140","15,2300172988"
2012-08-10,"16,668322","52,3147670298","22,0941409087"
2012-08-11,"16,316113","52,4237460635","17,0663761817"
2012-08-12,"38,988653","47,6424239397","14,1586990223"
2012-08-13,"40,816226","46,3973242306","17,6493538328"
2012-08-14,"24,340739","66,3408118832","14,4970074968"
2012-08-15,"49,217840","61,6688376031","24,4978172023"
2012-08-16,"36,089846","67,6012859060","16,2066680921"
2012-08-17,"30,228190","40,2581627156","23,0768620078"
2012-08-18,"7,398027","40,7201669495","20,3165934735"
2012-08-19,"21,944587","57,5768247171","17,0745192032"
2012-08-20,"28,413487","55,5550430788","14,8455246199"
2012-08-21,"35,177965","47,0721795584","15,0636874032"
2012-08-22,"4,318874","51,2851013376","22,6302864667"
2012-08-23,"15,910224","62,7735189010","21,3894981033"
2012-08-24,"31,864440","62,5034974902","20,8536141284"
2012-08-25,"12,526204","52,7368103938","23,6461437801"
2012-08-26,"25,530330","59,1814213920","20,8060427760"
2012-08-27,"11,842256","60,8642980522","22,6226123945"
2012-08-28,"38,921811","60,1797295315","19,7034242230"
2012-08-29,"28,878412","68,5901010018","16,7674486041"
2012-08-30,"37,516262","58,2123652937","18,3551502529"
2012-08-31,"49,312599","47,2222956475","21,3983970807"
2012-09-01,"46,715595","57,6616382946","26,7713254455"
2012-09-02,"37,697447","64,3981752531","21,7616204015"
2012-09-03,"39,372095","48,1440579907","27,2626291933"
2012-09-04,"16,236113","42,6242418694","27,1019536401"
2012-09-05,"40,641694","57,6727968412","24,7784410317"
2012-09-06,"28,391120","43,3131256072","29,8473522830"
2012-09-07,"5,264548","64,8574314799","21,5963915920"
2012-09-08,"29,396789","62,1884412828","25,8840368462"
2012-09-09,"3,826295","62,4944001654","29,1554369977"
2012-09-10,"16,795919","43,1238795134","20,2766681977"
2012-09-11,"40,250524","51,8419995256","28,4346232314"
2012-09-12,"2,964418","52,9854721989","23,5099964145"
2012-09-13,"13,143718","44,6970174236","24,3195509761"
2012-09-14,"43,055395","45,9259310036","29,9701665657"
2012-09-15,"15,557746","59,2718604715","27,9021028068"
2012-09-16,"33,997565","43,3811527511","27,6325733474"
2012-09-17,"24,749575","51,6038657851","20,9124298483"
2012-09-18,"28,053598","69,0932787603","21,2394692798"
2012-09-19,"18,695012","42,2192449128","25,4668700910"
2012-09-20,"40,049967","50,6714172309","25,2719477693"
2012-09-21,"21,266716","65,8716313966","22,4687696218"
2012-09-22,"9,346384","51,7631751234","20,9252303059"
2012-09-23,"38,636107","66,7122761766","24,4009501773"
2012-09-24,"38,553922","52,3060856697",indisponivel
2012-09-25,"2,110709","54,7009274625","20,8004911443"
2012-09-26,"31,450606","60,8693378787","23,3655273024"
2012-09-27,"11,998633","69,1449554425","28,2304700912"
2012-09-28,"14,151512","47,2785923502","27,3217164400"
2012-09-29,"12,922772","65,4538425885","26,3181239405"
2012-09-30,"48,977238","57,2038334862","20,6173117468"
2012-10-01,"32,103210","56,9167920949","26,8178874236"
2012-10-02,"85,642462","64,2282090242","27,6689800356"
2012-10-03,"11,549569","56,1516906033","29,4790956971"
2012-10-04,"15,138083","70,5619585885","20,6589798096"
2012-10-05,"50,979512","72,3263286843","29,5304147171"
2012-10-06,"30,717940","66,1333589200","24,0494519462"
2012-10-07,"60,336933","68,4472943605","21,2903512360"
2012-10-08,"28,416612","63,2391643969","28,3115805653"
2012-10-09,"31,104127","78,7073355677","25,2817118266"
2012-10-10,"19,102628","62,8564903254","23,1651089012"
2012-10-11,"42,925025","52,8765217639","24,8414869389"
2012-10-12,"99,419702","59,9357413193","25,9077460811"
2012-10-13,"55,001536","61,3838773361","29,2096460087"
2012-10-14,"74,674874","69,1247687606","28,0817718334"
2012-10-15,"63,649318","79,3257283839","24,3158791750"
2012-10-16,"37,904749","56,5885237115","23,0995457249"
2012-10-17,"53,055197","67,6982132817","24,4389198699"
2012-10-18,"18,071626","62,8426924057","21,6470581126"
2012-10-19,"53,372684","73,0050376126","23,4971283518"
2012-10-20,"60,197751","68,2067000267","24,0578623004"
2012-10-21,"37,698916","72,1821220363","25,5884990061"
2012-10-22,"80,251454","64,6906798061","26,7024588260"
2012-10-23,"99,027394","52,0750137244","26,4051314626"
2012-10-24,"70,904310","50,8374148502","24,6798507160"
2012-10-25,"38,023634","75,8415399821","20,7520509354"
2012-10-26,"62,024279","73,0629509652","26,9177155509"
2012-10-27,"17,751929","75,5240316909","22,4857807201"
2012-10-28,"23,106318","65,1894674516","28,6331304466"
2012-10-29,"59,421209","63,3050758912","22,7082862549"
2012-10-30,"81,979282","66,1166714216","25,6715091771"
2012-10-31,"62,632511","71,4002325133","24,9530393973"
2012-11-01,"83,565741","64,9600266630","26,8794231708"
2012-11-02,"54,726857","72,4155784323","26,4014124042"
2012-11-03,"49,923441","76,0386412794","24,4296979589"
2012-11-04,"75,246694","57,6182129453","23,6934402108"
2012-11-05,"47,714983","60,6136641383","24,1687299961"
2012-11-06,"29,115072","75,6556638479","24,0440704696"
2012-11-07,"57,428231","55,5848812951","24,5437675985"
2012-11-08,"69,287590","78,1302439479","29,0207937309"
2012-11-09,"46,141962","72,6039581059","23,5419950824"
2012-11-10,"23,457612","73,1574402222",indisponivel
2012-11-11,"77,831390","53,2377804889","28,0151888838"
2012-11-12,"94,304907",indisponivel,"23,9448290253"
2012-11-13,"59,295723","61,4959780923","28,8202208046"
2012-11-14,"68,366237","66,1659088418","20,0706012167"
2012-11-15,"69,492537","79,5711107342","24,1596984711"
2012-11-16,"29,419036","67,2799318288","22,1379232464"
2012-11-17,"73,805967","79,7281791690","23,8512810923"
2012-11-18,"19,376261","51,2685172858","23,9222417116"
2012-11-19,"56,941973","63,6976406823","28,5213927383"
2012-11-20,"78,901410","54,6620648521","23,8680304098"
2012-11-21,"54,744686","74,4893686841","22,1873864548"
2012-11-22,"47,510516","58,8243738590","27,6540260550"
2012-11-23,"17,747711","52,6438454689","22,7215908261"
2012-11-24,"58,699781","57,2783396694","21,3986298285"
2012-11-25,"95,858244","62,7908619929","29,6051368190"
2012-11-26,"34,558087","76,9383161203","24,7429795579"
2012-11-27,"81,756695","78,6276169310","22,4137261273"
2012-11-28,"62,571108","54,4181132701","28,1937116777"
2012-11-29,"31,983918","52,4324901584","26,9682882378"
2012-11-30,"63,563386","77,1463922241","22,8620501971"
2012-12-01,"261,041132","66,6743026677","30,8741895049"
2012-12-02,"74,883068","84,5502903735","33,4017509380"
2012-12-03,"285,975818","82,9263373450","29,0762542222"
2012-12-04,"139,210680","81,6580636380","37,1546969993"
2012-12-05,"217,612123","87,1487403535","34,9906517235"
2012-12-06,"109,508022","65,1889431793","33,0419579059"
2012-12-07,,"82,8364149990","25,8773513232"
2012-12-08,"77,352314","60,2228189309","36,9681550547"
2012-12-09,"167,736214","89,1720763047","34,0228350744"
2012-12-10,"112,952425","88,3544192376","35,0659829749"
2012-12-11,"233,088168","69,7525363517","33,8817562460"
2012-12-12,"102,040756","62,2396707118","37,7440870697"
2012-12-13,"141,868776","70,5625441114","35,4192423749"
2012-12-14,"100,305473","71,2229696327","34,4563788571"
2012-12-15,"248,567436","81,1551406411","37,3569163125"
2012-12-16,"263,687605","84,1956621776","36,1570353765"
2012-12-17,"229,818231","87,9094468636","37,0351783821"
2012-12-18,"146,436395","70,0380359905","32,7870245916"
2012-12-19,"151,859220","68,4381595881","29,8261225472"
2012-12-20,"212,677963","87,8776702208","33,2151674108"
2012-12-21,"214,496833","68,0008894932","28,0811828064"
2012-12-22,"167,872299","72,8864607852","31,4369696512"
2012-12-23,"197,076123","88,6795229505","35,7695685059"
2012-12-24,"58,033337","67,2004774842","29,6270118538"
2012-12-25,"144,612596","88,7300346917","35,0042786118"
2012-12-26,"247,783409","69,6798937248","26,8790474593"
2012-12-27,"223,178925","77,8447286842","31,3217432435"
2012-12-28,"129,834855","74,3021701100","30,4746315854"
2012-12-29,"51,941870","92,3225743235","34,0353046673"
2012-12-30,"261,868676","84,9357702714","36,0223598780"
2012-12-31,"146,823059","89,7667895544","26,4917410576"
2013-01-01,"50,421379","63,1692472726",
2013-01-02,"160,513417","79,7518089591","37,2903803252"
2013-01-03,"79,528289","80,6076829660","31,5505423606"
2013-01-04,"185,049697","65,5372994430","27,7669630491"
2013-01-05,"246,774001","62,6719028269","36,6682614659"
2013-01-06,"186,730358","81,9968814636","37,9687519943"
2013-01-07,"179,867244","71,0265236273","34,9506472971"
2013-01-08,"262,629616","94,7496490608","29,9779366983"
2013-01-09,"218,953762","90,0151127066","29,3589424394"
2013-01-10,"132,698394","77,0636687571","37,8406114171"
2013-01-11,"266,235333","75,5498370930","32,7281465107"
2013-01-12,"227,280933","75,1271968411","34,7164729198"
2013-01-13,"220,875005","83,0224792982","31,6157689555"
2013-01-14,"78,224701","70,2451286319","36,5134818540"
2013-01-15,"160,010160","86,5321685138","25,2504312081"
2013-01-16,"190,888948","86,7276888753","36,8990023286"
2013-01-17,"228,842742","86,4579949099","31,6144858005"
2013-01-18,"161,931593","90,7388413650","26,2475479940"
2013-01-19,"145,099889","75,4860599035","27,8187785990"
2013-01-20,"114,285019","79,6180813066","36,6750457720"
2013-01-21,"85,470482","90,4557623087","31,9220165059"
2013-01-22,"297,457135","86,1393764163","33,9236990273"
2013-01-23,"144,337319","84,2481979656","29,5358820819"
2013-01-24,"198,560956","85,4013219844","32,2937485719"
2013-01-25,"170,296491","81,3432826900","29,3554860829"
2013-01-26,"51,606925","86,5297763254","28,5603071399"
2013-01-27,"217,801644","80,3930957654","33,7723400567"
2013-01-28,"262,943986","91,5353866669","33,2693466422"
2013-01-29,"199,834555","86,4410138731","29,2919711225"
2013-01-30,"284,927293","90,4469468142","27,6035163377"
2013-01-31,"81,286738","64,0632443198","25,7026238267"
2013-02-01,"66,115556","64,7142070600","25,2384293043"
2013-02-02,"84,990575","88,7581856580",indisponivel
2013-02-03,"87,031620","86,2426481388","33,0195112046"
2013-02-04,"208,628946","83,6094644555","36,5966077024"
2013-02-05,"140,650084","82,7670265501","32,8224209950"
2013-02-06,"292,547462","71,2680638753","26,5319475537"
2013-02-07,"50,623972","78,2220062734","28,5110551965"
2013-02-08,"130,235695","90,9890495357","27,9511887392"
2013-02-09,"111,102140","77,0438705896","30,5142845804"
2013-02-10,"101,101644","93,8777501917","36,6184005130"
2013-02-11,"125,575168","85,0304440585","28,3921905491"
2013-02-12,"76,527309","83,9214348594","34,9249274813"
2013-02-13,"89,597930","88,4290137556","27,5780352687"
2013-02-14,"189,890992","70,7312102623","26,8235244271"
2013-02-15,"84,293799","67,0340385704","33,1075143538"
2013-02-16,"209,999836","80,6147401805","32,9616487629"
2013-02-17,"84,774602","89,4726808084","25,7068868045"
2013-02-18,"271,122508","81,3849259730","35,9555672536"
2013-02-19,"64,118487","93,6037285322","36,9835039349"
2013-02-20,"135,583066","89,3639236984","36,2998967842"
2013-02-21,"263,586903","67,8364920732","30,9466650844"
2013-02-22,"187,957372","77,7115341831","26,0763239299"
2013-02-23,"85,993002","82,4878958680","27,2739306021"
2013-02-24,"75,981286","92,5826570847","27,1076498639"
2013-02-25,"269,674772","60,1917025193","26,3076272387"
2013-02-26,"141,128014","71,2255619600","33,6718164487"
2013-02-27,"95,071599","76,7910350467","35,0687748932"
2013-02-28,"54,216939","93,2558889158","33,1788803260"
2013-03-01,"281,320392","86,8735285487","21,7173578586"
2013-03-02,"110,083300","90,2041548562","27,8384661229"
2013-03-03,"198,828535","94,8695887370","22,3068470407"
2013-03-04,"286,736850","63,4993961985","25,8859469881"
2013-03-05,"217,734979","76,8802900046","27,2957345786"
2013-03-06,"247,498508","81,0248796419","23,2969822914"
2013-03-07,"64,435137","71,1809971896","23,8051997791"
2013-03-08,"82,358916","68,1560030860","27,7158384723"
2013-03-09,"126,016294","68,5626843798",indisponivel
2013-03-10,"89,296984","64,9285113489","27,8197687456"
2013-03-11,"163,157349","75,1072806064","26,1746967975"
2013-03-12,"223,080908","85,5726468719","22,6133957259"
2013-03-13,"298,065759","87,9102641323","25,2860960453"
2013-03-14,"92,350553","93,3729069990","29,9479719991"
2013-03-15,"259,611964","68,1827252099","22,7349944742"
2013-03-16,"217,872677","64,7743424024","28,6443970593"
2013-03-17,"108,720696","91,4228634074","22,0138155081"
2013-03-18,"299,958780","81,0102248772","21,2081246249"
2013-03-19,"106,177187","77,2079949466","29,8429539100"
2013-03-20,"212,159077","69,7772424823","25,1049834244"
2013-03-21,"254,950138","86,9477783743","28,4147338094"
2013-03-22,"85,492176","88,9707537397","27,1340580108"
2013-03-23,"187,285308","64,1490337776","29,6377053043"
2013-03-24,"141,903423","94,8876176473","28,5980461317"
2013-03-25,"174,791674","73,3043858297","20,2007490072"
2013-03-26,"227,660185","66,1643015138","21,7257220407"
2013-03-27,"274,219602","71,4099761000","22,6295701305"
2013-03-28,"76,441763","86,7397448135","20,2479760576"
2013-03-29,"268,817892","77,4673220919","24,3817941777"
2013-03-30,"264,988704","90,3524027164","26,7705137425"
2013-03-31,"96,147996",,"28,9363663189"
2013-04-01,"78,375439","66,2552858186","21,0265195090"
2013-04-02,"20,731226","51,7004700539","28,9760862909"
2013-04-03,"86,431000","77,6661747068","27,4340304252"
2013-04-04,"40,885156","64,6610834094","28,3823972205"
2013-04-05,"71,020695","57,7011691991","20,9459662536"
2013-04-06,"23,699949","71,4061486563","27,0104355526"
2013-04-07,"42,008037",indisponivel,"27,1108990233"
2013-04-08,"92,244231","59,4761352963","20,2789474203"
2013-04-09,"22,021835","61,3290943079","22,4582272573"
2013-04-10,"17,412740","50,8316380807","22,7102486057"
2013-04-11,"68,754886","50,3421245230","29,5803903095"
2013-04-12,"27,508415","57,3038891922","28,0947689885"
2013-04-13,"71,032172","77,8909850305","27,4444919177"
2013-04-14,"25,860162","74,3336658297","26,9730305375"
2013-04-15,"22,064291","55,1920584407","22,8064737875"
2013-04-16,"52,927770","71,7976802448","25,9249471046"
2013-04-17,"26,970181","78,5211132372","26,2816277482"
2013-04-18,"86,955400","77,9238799096","21,9213114328"
2013-04-19,"44,970850","52,9802325485","21,4279459239"
2013-04-20,"57,068437","56,8696835320","20,6807539105"
2013-04-21,"95,032198","51,8601849131","26,8235465861"
2013-04-22,"41,532720","72,0338689147",indisponivel
2013-04-23,"15,715111","62,4613020599","29,7293612322"
2013-04-24,"72,306030","52,6264409771","23,7500733222"
2013-04-25,"33,222903","72,8561787072","29,1542143855"
2013-04-26,"38,414965","72,6930025980","26,0406645922"
2013-04-27,"79,111484","73,6634213565","27,3523796381"
2013-04-28,"72,818162","51,3130721401","29,3774287527"
2013-04-29,"94,942059","63,0743014126","24,6630852939"
2013-04-30,"46,038114","63,9212476497","20,0057606713"
2013-05-01,"48,294143","62,6448221088","29,4916131590"
2013-05-02,"66,092961","73,5737313197","21,7141393747"
2013-05-03,"24,381036","73,8673564928","29,2526518759"
2013-05-04,"69,883342","68,5084801047","24,1500168647"
2013-05-05,"99,231635","78,0199699750","24,9964436795"
2013-05-06,"83,466844","62,5290313689","22,8059756247"
2013-05-07,"32,923239","77,9871476159","21,5700785429"
2013-05-08,"97,649937","72,8011933434","25,6214953411"
2013-05-09,"50,055160","71,4230788505","29,2718532683"
2013-05-10,"18,655617","65,8968976317","21,9619786293"
2013-05-11,"33,417376","77,7631490031","22,8328031376"
2013-05-12,"81,456711","61,1490817421","28,4031213286"
2013-05-13,"81,567920","64,2268180357","23,8224681170"
2013-05-14,"59,931374","64,6276073761","20,0138158146"
2013-05-15,"46,921125","74,4472004832","25,2895416645"
2013-05-16,"51,868299","52,7257649096","23,2527010928"
2013-05-17,"52,937939","62,2035818121","26,7277279382"
2013-05-18,"96,663822","76,7404955989","21,9077824490"
2013-05-19,"98,229615","63,2251460344","28,0308474706"
2013-05-20,"80,204894","50,5690026578","24,8777553728"
2013-05-21,"34,657068","56,0399555898","24,4917930197"
2013-05-22,"68,696173","52,8591325911","29,7310609112"
2013-05-23,"38,217363",,"21,5513374544"
2013-05-24,"67,190470","54,9448161258","26,3891784951"
2013-05-25,"19,840786","63,1232967513","22,8852007152"
2013-05-26,"81,028319","69,6512541480","29,0945386613"
2013-05-27,"96,205693","73,9682159534","24,3876261260"
2013-05-28,"36,409621","53,6118321353","27,5724406374"
2013-05-29,"56,746968","70,4118556848","28,8095272000"
2013-05-30,"96,820066","65,5734307952","20,9423415672"
2013-05-31,"85,407977","73,9942366483","21,9339972536"
2013-06-01,"47,111718","42,1615691497","24,6128864052"
2013-06-02,"18,831193","54,6954091370","19,2910752823"
2013-06-03,"31,961951","44,0388053279",
2013-06-04,"22,475240","63,8328730334","21,4135369370"
2013-06-05,"11,937446","52,4059044195","23,9441188976"
2013-06-06,"21,128942","42,8135758984","22,1999909328"
2013-06-07,"22,517143","41,1251387501","17,1934123812"
2013-06-08,"42,378291","47,0148030959","21,8465496910"
2013-06-09,"2,974264","51,7052175249","14,1106055308"
2013-06-10,"42,419711","46,2284661313","22,3899468869"
2013-06-11,"4,493081","50,6872356242","16,6802658892"
2013-06-12,"26,583535","46,3698192312","23,2183422337"
2013-06-13,"35,194603","52,8809710546","17,9215029581"
2013-06-14,"43,618281","45,1191574928","17,1320905584"
2013-06-15,"32,602997","45,3790936948","19,5794820617"
2013-06-16,"36,572605","67,4823042635","19,9200538830"
2013-06-17,"0,573081","60,8653811985","17,4606020669"
2013-06-18,"0,277266","66,3593999267","18,8871632708"
2013-06-19,"28,370123","42,2774286254","15,4250363449"
2013-06-20,"14,155058","67,6374227676","23,6591642048"
2013-06-21,"33,971037","66,7992060303","20,1460050176"
2013-06-22,"16,264554","46,1240155827","20,2235256368"
2013-06-23,"22,354909","59,4480601615","14,3138322862"
2013-06-24,"23,510651","64,3863407947","20,2975815793"
2013-06-25,"32,433550","58,5157700290","18,7638514913"
2013-06-26,"1,814750","54,3923773285","22,2507836858"
2013-06-27,"40,500441","68,7396559784","14,5627949282"
2013-06-28,"39,638749","59,8550179463","15,6998256580"
2013-06-29,"34,669418","49,9901451604","24,6294388312"
2013-06-30,"45,179333","42,5365877663","14,8078867429"
2013-07-01,"24,867407","57,4256057933","16,2776165074"
2013-07-02,"3,066535","40,0412508133","22,7446768782"
2013-07-03,"17,260793","51,5000926811","23,7067021924"
2013-07-04,"13,823319","51,3064602500","24,4472598122"
2013-07-05,"45,323419","65,1937427921","21,1655902352"
2013-07-06,"27,897981","67,2291253736","20,2093500020"
2013-07-07,"18,836236","56,0550259149","20,3958637492"
2013-07-08,"31,671788","51,3770240609","15,5437397470"
2013-07-09,"39,184332","61,7993980022","17,3862396474"
2013-07-10,"42,079905","63,1742850296","14,1535959323"
2013-07-11,"1,406107","54,9633825252","21,7172359947"
2013-07-12,indisponivel,"62,5470478796","21,1409444253"
2013-07-13,"22,749443","50,1669059867","22,0461076233"
2013-07-14,"11,580122","46,2160838588","23,9664075186"
2013-07-15,"3,851285","51,5236171906","23,7071926759"
2013-07-16,"22,872519","58,8988540672","14,7631659316"
2013-07-17,"8,285453","45,9984059631","15,1335820872"
2013-07-18,"39,331617","49,0820602638","16,0584770873"
2013-07-19,"47,776019","53,2923955998","19,1920587083"
2013-07-20,"32,876852","58,6139166764","22,3991681632"
2013-07-21,"40,791071","52,4266217408","14,5399919088"
2013-07-22,"17,301332","68,3763192257","19,2165534746"
2013-07-23,"26,394612","44,9015961632","19,1742813977"
2013-07-24,"12,697769","68,4796523289","22,3788370467"
2013-07-25,"4,334768","56,5079295440","18,1031266537"
2013-07-26,"10,012157","62,4452579404","15,1752545576"
2013-07-27,"11,219373","68,4566800142","18,1285034934"
2013-07-28,"1,411122","45,4813871061","17,4945832981"
2013-07-29,"36,132535","48,5086381834","21,6536074697"
2013-07-30,"46,556620","67,5710104831","20,2205256128"
2013-07-31,"21,850250","47,0834309517","19,4140705629"
2013-08-01,"40,550547","42,5753495170","18,1497310975"
2013-08-02,"40,802789","63,2267656459","19,4647087290"
2013-08-03,"0,162615","50,8356113828","19,8391916462"
2013-08-04,"1,573976","54,2078074302","18,5061558653"
2013-08-05,"6,583532","66,8836108812","17,6639772452"
2013-08-06,"11,343982","61,9927209550","18,1874370449"
2013-08-07,"10,859370",indisponivel,"23,2807368377"
2013-08-08,"21,340015","56,5195115595","15,9815613923"
2013-08-09,"31,014439","68,3491800029","16,5188507252"
2013-08-10,"7,113422","48,4625629765","18,5569055667"
2013-08-11,indisponivel,"50,4667757291","16,0231895777"
2013-08-12,"9,600951","49,0961654491","24,8733800862"
2013-08-13,"2,498587","54,2797623462","15,7908341111"
2013-08-14,"14,420106","58,7724865091","20,1385944277"
2013-08-15,"47,421724","66,1604503501","24,4466616802"
2013-08-16,"41,240638","45,2963358589","15,9685486421"
2013-08-17,"15,707038","43,4523072075","15,1940248129"
2013-08-18,"42,732638","62,5807422216","17,3370736358"
2013-08-19,"27,636079","58,1333847366","19,3223871306"
2013-08-20,"35,651619","56,1217920367","17,8868963868"
2013-08-21,"13,216893","47,3564659049","21,1460891518"
2013-08-22,"30,804694","58,5377190429","14,0539754183"
2013-08-23,"9,111120","42,5851663618","14,8077086204"
2013-08-24,"44,151176","40,5246613481","23,2281052714"
2013-08-25,"25,662805","49,1601724376","18,9238343440"
2013-08-26,"17,213601","63,6874699512","21,1120019382"
2013-08-27,"20,052280","69,5839187893","15,7340963264"
2013-08-28,"3,520844","60,8212521776","24,3138174382"
2013-08-29,"27,195196","68,3906441833","18,3509838671"
2013-08-30,"15,356954","49,7513283114","21,1233345870"
2013-08-31,"7,753571","68,0584321524","17,6917764944"
2013-09-01,"41,681248","44,5995516836","28,2973183894"
2013-09-02,"42,743086","59,3848705842","28,8251745702"
2013-09-03,"15,866974","57,2493692111","24,7458032462"
2013-09-04,"36,436519","63,8218023863","25,3254369553"
2013-09-05,"49,567905","65,2728011893","20,9957757266"
2013-09-06,"3,621578","44,8025044904","29,7835076120"
2013-09-07,"32,786945","54,6929533006","21,9306842613"
2013-09-08,indisponivel,"43,4820016319","28,7753674925"
2013-09-09,"5,171963","68,7423929397","28,9617731983"
2013-09-10,"15,281679","40,3425480844","27,2108396060"
2013-09-11,"31,252116","53,4101603364","25,5173963391"
2013-09-12,"8,188268","46,5647832426","28,2303392707"
2013-09-13,"8,431407","48,9384117144","20,7498156077"
2013-09-14,"37,519113","55,6402458614","20,3915353244"
2013-09-15,"30,278799","58,0026901443","28,1638958204"
2013-09-16,"32,614911","50,6460067434","27,5142693945"
2013-09-17,"19,203166","42,3960477215","29,5184166626"
2013-09-18,"48,007391","60,5133514070","27,1818644356"
2013-09-19,"6,802854","41,1984594234","29,4278734185"
2013-09-20,"34,762644","46,8889880949","25,1148896291"
2013-09-21,"39,187420","53,2868619403","25,0740002845"
2013-09-22,"44,783146","62,8458848938","20,4922278752"
2013-09-23,"40,437635","46,9106055777","29,9015991155"
2013-09-24,"11,552510","54,6395576669","26,4132179125"
2013-09-25,"2,031927","59,5470861703","20,4305589757"
2013-09-26,"49,742954","48,5109453010","20,2230243168"
2013-09-27,"44,559192","60,0168595574","20,3754525672"
2013-09-28,"34,553135","68,3540394124","28,6535704879"
2013-09-29,"45,940908","42,7284211190","22,4795282909"
2013-09-30,"11,370796","59,3469326458","28,3143293607"
2013-10-01,"48,419765","64,9703795882","26,4388981731"
2013-10-02,"68,811366","57,7493624391","28,5231322191"
2013-10-03,"36,030884","55,9684408346","20,1422413040"
2013-10-04,"48,392835","59,0155484325","22,1752387185"
2013-10-05,"32,681783","77,7867514063","27,2724140786"
2013-10-06,"17,571883","72,4014007323","21,1632624647"
2013-10-07,"38,491032","77,4104006649","29,5404619409"
2013-10-08,"41,677626","63,1586551125","29,2647136877"
2013-10-09,"50,598888","50,9323422351","22,7599814014"
2013-10-10,"90,802336","63,2465846430","23,3164600574"
2013-10-11,"31,459038","52,2542219305","22,2708081792"
2013-10-12,"42,900626","72,6811767143","25,9444551473"
2013-10-13,"67,094298","58,9396299819","23,7143424897"
2013-10-14,"53,844834","63,1347709857","21,0709171801"
2013-10-15,"88,224905","78,5160798809","29,8070333661"
2013-10-16,"55,483259","57,3552117897","28,5052674150"
2013-10-17,"32,628938","57,1223013941","26,1629867463"
2013-10-18,"88,541337","69,7774449959","24,7588313814"
2013-10-19,"36,550640","74,5669450012","24,2924685171"
2013-10-20,"10,546022","58,2159579719","25,6403624196"
2013-10-21,"73,613021","74,8598014105","24,7315042693"
2013-10-22,"65,010422","61,9630441013","23,5127391343"
2013-10-23,"87,380835","59,1592290680","26,3973412864"
2013-10-24,"62,810437","73,9522485969","27,7519602811"
2013-10-25,"43,185008","66,1480733089","27,2720677766"
2013-10-26,"43,252828","52,1464659353","23,1166857148"
2013-10-27,"25,583860","60,0055919480","26,1686683339"
2013-10-28,"81,835471","62,4969066371","24,8652747743"
2013-10-29,"32,219385","64,7640448592","21,0927830606"
2013-10-30,"17,384267","55,0553689959","20,4413748426"
2013-10-31,"25,457445","63,4352942402","23,0683010527"
2013-11-01,"70,869511","59,1228831423","22,7092519003"
2013-11-02,"85,089992","73,3300051905","27,7814966083"
2013-11-03,"66,447291","51,9559860196","26,6108244978"
2013-11-04,"75,686502","78,1167427785","28,1487462604"
2013-11-05,"58,262952","73,9185871308","24,6036853689"
2013-11-06,"22,912047","75,6866044374","29,2133140478"
2013-11-07,"48,220825","68,4400404428","28,1782809059"
2013-11-08,"77,650365","52,8635188180","25,4654704743"
2013-11-09,"22,293595","66,4890411406","20,1534847698"
2013-11-10,"88,806744","56,8710200292","21,6997873649"
2013-11-11,"87,361418","53,6298258901","24,8279697879"
2013-11-12,"21,698514","56,3700904977","23,8020293866"
2013-11-13,"33,513416","54,3313578409","26,5609813555"
2013-11-14,"80,927186","58,5193197321","22,3683953001"
2013-11-15,indisponivel,,"22,2006162095"
2013-11-16,"92,589941","65,8207067539","26,0701435976"
2013-11-17,"32,482613","65,2943511714","28,6353253320"
2013-11-18,"28,667398","68,7057708165","21,9741110453"
2013-11-19,"28,910836","58,1733740617","25,3605917868"
2013-11-20,"11,142658","78,5450544305","27,6425882773"
2013-11-21,"78,252857","68,9772930990","27,8901203882"
2013-11-22,"83,389655","76,1127102379","21,9315480745"
2013-11-23,"77,722735","78,3906449509","22,2104423153"
2013-11-24,"78,604305","51,5639043414","28,2270013056"
2013-11-25,"41,312968","73,5798844877","20,2888854522"
2013-11-26,"19,274378","59,1754769638","24,1552871780"
2013-11-27,"87,488072","63,6943926083","21,9579567260"
2013-11-28,"34,367129","50,9601192839","25,8359988487"
2013-11-29,"51,851684","79,4767719058","27,1722516367"
2013-11-30,"17,924553","76,3274082423","29,9303911154"
2013-12-01,"242,521728","92,4217785327","28,2764370900"
2013-12-02,"160,339522","68,7501887512","32,2638563467"
2013-12-03,"110,675134","89,6358075868","37,0106046200"
2013-12-04,"254,270790","90,5540429547","34,9520111081"
2013-12-05,"170,643319","62,8481095224","34,7169766177"
2013-12-06,"129,051149","72,3556722724","33,2260857842"
2013-12-07,"260,767494","82,2706380135","26,6029247168"
2013-12-08,"114,090800","62,1202126853","26,6247265647"
2013-12-09,"146,760089","81,2522754821","25,5228865849"
2013-12-10,"254,860616","91,5828431454","33,6281943676"
2013-12-11,"56,959454","81,9442271713","28,8302900375"
2013-12-12,"160,020401","64,4679408339","37,8099717670"
2013-12-13,"203,742311","81,1761256067","33,9720782711"
2013-12-14,"186,693715","62,6980492250","35,1672187226"
2013-12-15,"226,597543","61,6999730970","31,1017497967"
2013-12-16,"153,891547","60,6552153865","27,1595189257"
2013-12-17,"233,439390","73,9517193442","32,7447480070"
2013-12-18,"285,666531","84,5928711696","27,1704404231"
2013-12-19,"68,535623",indisponivel,"26,0402146115"
2013-12-20,"297,566355","65,3390008790","29,8857822776"
2013-12-21,"283,490424","70,5776402487",indisponivel
2013-12-22,"194,892931","93,8101050313","37,0428571075"
2013-12-23,"204,985128","76,3368739442","30,1873670403"
2013-12-24,"221,261756","65,1193823380","35,9516373797"
2013-12-25,"252,461895","81,4936282301","31,9162736933"
2013-12-26,"248,150467","73,8609682771","33,7405506118"
2013-12-27,"231,409815","61,8707987666","35,6797411302"
2013-12-28,"294,348992","74,4494017122","26,4468920753"
2013-12-29,"129,365641","82,3029145517","34,8460034338"
2013-12-30,"147,283619","94,1575687364","30,7040846160"
2013-12-31,"220,428797","81,4644216281","27,8047703384"
2014-01-01,"207,787891","90,8522459936","35,4851676811"
2014-01-02,"199,930068","74,2444689652","26,8841842062"
2014-01-03,"299,307294","89,8047111455","31,1730222066"
2014-01-04,"245,012495","68,9379085370","28,5739227444"
2014-01-05,"284,328680","93,7319576531","36,4601778659"
2014-01-06,"263,416399","74,2577635324","26,5335631569"
2014-01-07,"253,156326","77,4771009842","29,2485828561"
2014-01-08,"70,683164","75,4549473692","27,2404215799"
2014-01-09,"55,799242","93,4695485724","30,6564900558"
2014-01-10,"196,026093","71,2175409758","37,1238890202"
2014-01-11,"233,672849","65,6226810920","26,4662916953"
2014-01-12,"63,187830","76,0651120202","27,0890658153"
2014-01-13,"184,558064","90,5627979257","31,6947659047"
2014-01-14,"208,246949","70,2845920043","34,9335593667"
2014-01-15,"155,847616","60,9944905637","30,0769044731"
2014-01-16,"198,971889","73,4428996555","25,6104623227"
2014-01-17,"242,132813","65,4133879209","30,5507241421"
2014-01-18,"166,433064","90,4409374801","31,0805525546"
2014-01-19,"226,969488","83,9124298469","26,8240276782"
2014-01-20,"271,658470","82,5201394363","34,9495438250"
2014-01-21,"170,637665","72,9137403128","31,4062546728"
2014-01-22,"59,412408","60,3976997658","31,3966585237"
2014-01-23,"97,254749","87,5582489066","35,6504742354"
2014-01-24,"61,878806","92,0678180642","25,3009644669"
2014-01-25,"265,256221","88,6884481816","26,0373727128"
2014-01-26,"298,193641","66,3064878478","35,6104739289"
2014-01-27,"288,182558","73,5849363834","33,0126998360"
2014-01-28,"232,042236","60,3335885269","37,5873238473"
2014-01-29,"149,888574","82,0542781684","36,4418841001"
2014-01-30,"209,295976","63,4329063290","28,7259282322"
2014-01-31,"96,399605","88,7031941079","29,9946011734"
2014-02-01,"76,735149","89,6329540793","31,7339902958"
2014-02-02,"213,623210","73,1398008102","25,2649341548"
2014-02-03,"93,125605","71,1597826553","36,7665292553"
2014-02-04,"146,542736","87,8434440037","25,0049642290"
2014-02-05,"64,523135","94,7792227605","26,0843283520"
2014-02-06,"160,931882","60,1595810326","37,4167814485"
2014-02-07,"81,930709","70,3353559729","31,6626379637"
2014-02-08,"79,930729","61,9729886468","37,4695140114"
2014-02-09,"239,332843","66,7108789969","25,2872402361"
2014-02-10,"235,189712","80,5931536588","35,3989249312"
2014-02-11,"275,282976","62,6480712282","30,6443287925"
2014-02-12,"125,223676","61,7764015675","27,0023252691"
2014-02-13,"167,112078","64,3397929963","34,7680405741"
2014-02-14,"247,404943","77,2388373926","26,1635639634"
2014-02-15,"76,245931","80,9477514146","32,2813955281"
2014-02-16,"76,932397","91,6354979340","36,3694573111"
2014-02-17,"184,005374","83,5965144676","28,8209455154"
2014-02-18,"206,999627",,"31,1682802681"
2014-02-19,"206,687379","70,9212271911","31,5587552108"
2014-02-20,"122,957233","63,0309792823","31,1832210480"
2014-02-21,"62,827580","69,4487624553","28,5733294739"
2014-02-22,"143,852824","89,5099195397","34,3012715407"
2014-02-23,"238,416936","61,2542473264","33,5928890826"
2014-02-24,"107,815474","80,1319849657","25,9374628068"
2014-02-25,"215,906401","89,6219989379","37,9689270437"
2014-02-26,"103,499112","68,6320137538","30,0534887867"
2014-02-27,"180,017366","62,3251143529","34,2666136822"
2014-02-28,"161,102619","75,9259562438","26,4835100904"
2014-03-01,"240,078748","91,9760922987","20,3548149167"
2014-03-02,"218,157080","68,4286083261","28,3807342545"
2014-03-03,"166,817369","87,8403301410","28,9102919809"
2014-03-04,"87,875919","70,3796732033","26,0569111071"
2014-03-05,"157,772840","67,4339529069","26,3429535092"
2014-03-06,"123,336692","81,2819853254","27,0545606958"
2014-03-07,"161,580751","93,2528226119","29,8632757908"
2014-03-08,"150,418905","68,7934771696","29,6275589374"
2014-03-09,"282,084870","66,4817741190",indisponivel
2014-03-10,"274,115257","72,9612090910","21,1547213440"
2014-03-11,"110,033398","83,2570516301","29,5853444900"
2014-03-12,"227,030182","94,4327524112","25,5680582589"
2014-03-13,"96,237718","73,3907370524","23,4345221020"
2014-03-14,"237,436603","78,8154110912","26,7664703687"
2014-03-15,"194,172846","66,9791253031","21,5152981849"
2014-03-16,"156,042008","74,5074905185","27,0860614072"
2014-03-17,"151,113667","92,1327465706","20,7901967123"
2014-03-18,"266,308513","68,4733193602","25,7853811285"
2014-03-19,"265,991328","65,7846985060","27,1933230024"
2014-03-20,"156,729037","75,2483254595","23,4726352635"
2014-03-21,"242,654750","91,2959102212","27,3550223314"
2014-03-22,"253,643934","66,0732285973","24,5290200177"
2014-03-23,"70,290099","73,0145644820","21,7649384596"
2014-03-24,"217,067201","62,3005678251","23,7491800338"
2014-03-25,"132,216207","89,5425034798","29,4133009946"
2014-03-26,"68,201580","86,3201299669","22,0498325337"
2014-03-27,"234,178501","66,2914336496","29,1741659050"
2014-03-28,"169,010855","64,2719571611","23,5056234567"
2014-03-29,"214,021982","74,5007331430","27,1201409958"
2014-03-30,"63,989024","70,7640681771","25,8224189845"
2014-03-31,"88,060173","82,2105581321","26,4502150613"
2014-04-01,"17,720089","63,3270726902","25,1616257346"
2014-04-02,"29,064623","63,8288209072","26,5506966198"
2014-04-03,"59,225690","53,1489581785","29,8430556344"
2014-04-04,"68,665336","75,0880002907","29,8433716505"
2014-04-05,"51,984578","64,7806085872","26,4852069008"
2014-04-06,"12,389578","61,4859828992","26,9258848747"
2014-04-07,"57,617430","65,3214499092","20,1665034682"
2014-04-08,"28,503007","65,1331325830","28,0173761798"
2014-04-09,"34,461466","74,2159563753","26,4403578944"
2014-04-10,"80,451695","51,4549299608","21,9517440005"
2014-04-11,"50,909991","79,0300866241","20,7518336905"
2014-04-12,"83,205490","74,1936301945","22,8139104686"
2014-04-13,"26,373861","71,8178352538","27,7720276529"
2014-04-14,"70,775954","62,6956268083","26,3776048861"
2014-04-15,"18,049293","54,5043301610","20,7381074831"
2014-04-16,"54,530283","65,7774537265","22,3500594473"
2014-04-17,"96,213053","66,4817688521","23,8092386398"
2014-04-18,"52,163512","60,9624327282","26,8522549243"
2014-04-19,"84,771636","54,9177684106","20,7026648901"
2014-04-20,"69,531997","53,0782325793","22,3463332885"
2014-04-21,"24,747867","73,9093178855","24,8695362395"
2014-04-22,"67,195541","65,8557663385","25,4644447467"
2014-04-23,"61,646322","73,6285492305","23,6231639217"
2014-04-24,"58,823646","67,7063097370","24,2284544408"
2014-04-25,"24,325713","59,2353380736","21,1223965172"
2014-04-26,"47,292276","70,4661628756","20,3263864497"
2014-04-27,"96,398003","55,0824318322","21,0626288562"
2014-04-28,"25,414176","66,6913204386","26,7749109588"
2014-04-29,"63,026640","71,3877007671","24,6417485742"
2014-04-30,"90,808484","79,7972659785","29,2021154249"
2014-05-01,"23,906152","63,6380181416","22,3983934967"
2014-05-02,"44,595432","79,3453094959","29,9724467441"
2014-05-03,"37,707086","78,1599287227","20,5598880660"
2014-05-04,"33,597886","70,4460090112","29,4948799186"
2014-05-05,"13,836637","55,2968324851","21,7637721727"
2014-05-06,"13,966445","50,6108065801","20,5008219406"
2014-05-07,"51,935935","79,1920048400","22,2077751703"
2014-05-08,"35,633891","58,9282270362","22,7057164696"
2014-05-09,"68,811191","59,4440765730","21,6805157192"
2014-05-10,"97,690719","68,8373819806","27,0694683978"
2014-05-11,"69,103707","56,1458572099","21,5639496201"
2014-05-12,"69,777538","60,2368902479","28,4536524498"
2014-05-13,"98,296659","77,0842129295","23,1327797958"
2014-05-14,"84,457450","66,2592846134","27,3932009029"
2014-05-15,"83,928967","68,9449524767","24,8268965741"
2014-05-16,"58,750499","53,2349408872","29,1230228069"
2014-05-17,"94,486627","60,1093856571","26,6120279868"
2014-05-18,"19,952500","58,7473041477","22,0244654786"
2014-05-19,"97,512283","50,0055096798","20,6963432344"
2014-05-20,"95,499949","78,2771249276","26,0680111412"
2014-05-21,"19,346075","59,6498070656","21,6049171841"
2014-05-22,"45,363621","53,3585454077","28,9602989725"
2014-05-23,"42,174229","77,9685967442","25,3157387465"
2014-05-24,"99,050004","71,3867322578",
2014-05-25,"11,020508","78,7986652653","21,9328127136"
2014-05-26,"53,624736","70,8448372769","24,9579218310"
2014-05-27,"77,015617","53,2880076343","26,8074899173"
2014-05-28,"23,381540","74,4670393126","23,4254997081"
2014-05-29,"93,479069","61,2248714921","22,2679545865"
2014-05-30,"64,902108","64,3767297447","21,3221334130"
2014-05-31,"97,153886","57,8991676437","27,7067522253"
2014-06-01,"38,899355","50,1979932628","14,2654881971"
2014-06-02,"26,816751","64,6567023854","14,4156708367"
2014-06-03,"10,614928","60,5572512959","24,0705115617"
2014-06-04,"5,008838","40,0400452296","22,3722680069"
2014-06-05,"6,322823","64,6427701861","18,9155142741"
2014-06-06,"15,809155","45,3474551151","16,7573958382"
2014-06-07,"36,319310","59,3890764197","23,6951247817"
2014-06-08,"2,688241","45,2023465549","14,9028044264"
2014-06-09,"17,421833","69,4807720196",indisponivel
2014-06-10,"48,512674","60,8643565588","23,2740771007"
2014-06-11,"29,032393","60,9650497011","21,2348573972"
2014-06-12,"22,385626","41,5616472268","24,8495789759"
2014-06-13,"21,139609","68,0043536317","22,1332510350"
2014-06-14,"48,275944","42,0120556535","14,1356198161"
2014-06-15,"3,147830",,"23,8538237277"
2014-06-16,"38,969047",,"18,9338638935"
2014-06-17,"5,559698","65,1731309652","19,8833473544"
2014-06-18,"21,304903","63,2697947761","21,9982597348"
2014-06-19,"30,669460","58,6267608832","23,6030772704"
2014-06-20,"41,904869","48,4108734798","23,5190709970"
2014-06-21,"32,328688","61,4829217259","21,0462353639"
2014-06-22,"41,398368","56,1625048652","22,5947169743"
2014-06-23,"17,860498","47,8165744327","16,8230701173"
2014-06-24,"48,856167","60,0831880065","15,4068377765"
2014-06-25,"8,060547","63,8866772182","24,9258441287"
2014-06-26,"46,088555","47,8610305633","21,1891854552"
2014-06-27,"27,211857","40,3687255255","15,7663310498"
2014-06-28,"3,557935","68,9086477809","22,5905388024"
2014-06-29,"10,908154","53,0359880976","20,3015860641"
2014-06-30,"32,552017","45,3874507409","23,9862463810"
2014-07-01,"25,680594","48,6199581529","22,1441756488"
2014-07-02,"45,098914","67,2403306574","15,5994291204"
2014-07-03,"1,722129","61,3625779091","22,1319703549"
2014-07-04,"5,653059","65,8602268097","23,4186986068"
2014-07-05,"4,424152","55,2163069647","21,8809812306"
2014-07-06,"12,787741","40,8816141297","17,5019358432"
2014-07-07,"24,422840","43,5366680718","19,5202777693"
2014-07-08,"41,104853","66,0477918791","18,7113241678"
2014-07-09,"13,085209","48,6765705742","18,5514749072"
2014-07-10,"44,183117","60,5491979249","16,0622667326"
2014-07-11,"44,743523","43,1787130463","17,4795714018"
2014-07-12,"13,247973","69,7017622808","17,3289882891"
2014-07-13,"22,358446","50,0395738498","24,6855728248"
2014-07-14,"37,630264","60,8747299789","18,0917432771"
2014-07-15,"33,355074","56,5317443047","18,2483664924"
2014-07-16,"21,295551","61,5615312680","14,8074880200"
2014-07-17,"48,185419","53,7774899635","19,2120142683"
2014-07-18,"23,969088","68,6996708278","21,1033657219"
2014-07-19,,"67,9180023110","15,4370793938"
2014-07-20,"34,119875","41,3043742765","15,8642566804"
2014-07-21,"33,811170","41,1148413645","14,5342562870"
2014-07-22,"7,589325","59,7797133497","16,8225989286"
2014-07-23,"3,081968","67,5393217970","23,9402534069"
2014-07-24,"35,903287","46,0213907137","23,2830743283"
2014-07-25,"40,107749","59,0754802126","17,4099482188"
2014-07-26,"35,559126","63,9341447891","20,8083087153"
2014-07-27,"0,988395","44,3252607265","16,7235268722"
2014-07-28,"1,388790","45,8179662592","19,5097128459"
2014-07-29,"42,190220","42,7426904604","23,0762990201"
2014-07-30,"37,685715","56,6789265439","14,9176467121"
2014-07-31,"13,757755","69,8402244178","17,8210242820"
2014-08-01,"46,329925","46,3636731341","20,6702287608"
2014-08-02,"32,248278","62,7861008557","22,7252291182"
2014-08-03,"45,033576","59,5276532022","18,2168406708"
2014-08-04,"3,729172","46,1374336572","17,2570514663"
2014-08-05,"29,036352","66,4619974668","18,8968907417"
2014-08-06,"41,135487","45,5929305241","15,2045174225"
2014-08-07,"38,532683","58,1197530982","24,5200604058"
2014-08-08,"45,330428","46,9821647089","19,5378465560"
2014-08-09,"30,023872","67,3822777640","16,6993326663"
2014-08-10,"27,848892","54,5571128613","22,2674585595"
2014-08-11,"34,343595","49,2800785880","20,5630509720"
2014-08-12,"15,641481","44,2188133416","16,0733668638"
2014-08-13,"36,119481","65,8896606916","15,6486456612"
2014-08-14,"39,661282","49,5437028831","19,8242453907"
2014-08-15,"33,122576","52,3109336331","20,8442038048"
2014-08-16,"17,652140","61,1842719872","18,5140862326"
2014-08-17,"18,197715","60,5403538435","17,1696477127"
2014-08-18,"30,240585","45,1398504529",indisponivel
2014-08-19,"43,740177","47,5939336800","22,5627204530"
2014-08-20,"0,730799","54,0017226379","23,9550598950"
2014-08-21,"21,908802","50,4854372471","20,7048607062"
2014-08-22,"34,904205","51,2051730293","17,0957017687"
2014-08-23,"10,567167","52,5112323570","17,1641543571"
2014-08-24,"36,561297","60,4641087398","24,7339767621"
2014-08-25,"30,415003","62,8144658556","19,6750078707"
2014-08-26,"21,592186","40,2444380220","23,4034296592"
2014-08-27,"14,533162","61,4793194211","24,3304002077"
2014-08-28,"33,356932","60,4483819976","14,8348658940"
2014-08-29,"25,909969","44,3605070246","20,9219121711"
2014-08-30,"44,787395","63,0085202558","16,5129975193"
2014-08-31,"0,360651","57,6004932443","21,1719736990"
2014-09-01,"2,558544","52,9463957477","26,3058399642"
2014-09-02,"42,392802","46,5922120637","26,1831448258"
2014-09-03,"35,314897","60,0536931862","27,3970239248"
2014-09-04,"2,680624","63,0555998910","25,0316866572"
2014-09-05,"26,871365","59,6284148706","21,2532152497"
2014-09-06,"2,732827","69,5250233249","26,9605951081"
2014-09-07,"26,422901","48,7039710006","22,6936494030"
2014-09-08,"27,381193","65,6803548151","20,2663712845"
2014-09-09,"39,566289","57,8489038316","22,6412634916"
2014-09-10,"2,628903","45,5905981789","22,8282271863"
2014-09-11,"16,462967","53,3163872373","24,1164787136"
2014-09-12,"36,151908",,"28,8977280309"
2014-09-13,"17,115326","54,0982644112","29,8927160505"
2014-09-14,"15,382903","69,3025226114","22,4954418670"
2014-09-15,"4,130074","50,6346936374","25,5050708736"
2014-09-16,"37,662569","42,5670455429","23,1702617133"
2014-09-17,"26,702431","45,5059691816","29,3151140973"
2014-09-18,"7,253291","67,1974365574","27,0255454206"
2014-09-19,"23,526497","67,5148437530","29,0177239982"
2014-09-20,"10,072212","48,3786323994","27,4073896208"
2014-09-21,"23,418106","66,9544881990","23,5221090869"
2014-09-22,"41,396369","59,0263288605","27,8640663148"
2014-09-23,"6,153825","41,8081052631","25,1746235402"
2014-09-24,"31,482057","62,9786946443","20,1544320220"
2014-09-25,"49,992536","63,9694979192","21,2851839212"
2014-09-26,"35,188195","52,1756502469","25,7971415032"
2014-09-27,"28,608997","47,6343046839","28,5860050651"
2014-09-28,indisponivel,"45,6893639256","25,2406213047"
2014-09-29,"44,568852","69,0730637237","24,8628969189"
2014-09-30,"32,397907","40,6748003602","22,1594365874"
2014-10-01,"73,789973","56,6906293320","24,9884593639"
2014-10-02,"30,435899","77,2162407127","22,2657450959"
2014-10-03,"86,081056","68,0899775596","27,6107801501"
2014-10-04,"44,243161","74,5531191972","25,8093391275"
2014-10-05,"48,595397","68,9606585145","20,0493651490"
2014-10-06,"54,478249","74,5093128919","29,7105979918"
2014-10-07,"27,559740","53,3249689802","21,6682799753"
2014-10-08,"22,232924","72,3798674669","28,4467591539"
2014-10-09,"70,486912","79,9796843589","20,0519622287"
2014-10-10,"23,494078","58,1983401213","29,8716840129"
2014-10-11,"36,947367","78,6380678670","20,0990670272"
2014-10-12,"23,337903","73,3536063130","23,0037993575"
2014-10-13,"39,638996","58,4791156400","22,9548232037"
2014-10-14,"27,632758","52,0107995486","26,4635666889"
2014-10-15,"61,917498","72,8224105300","27,5019209260"
2014-10-16,"65,841055","64,1056691851","24,5995060737"
2014-10-17,"58,032395","76,8559690447","28,7962250280"
2014-10-18,"36,157062","69,8636565037","22,8366174204"
2014-10-19,"29,340750","58,1358318633","28,7472635868"
2014-10-20,"41,949371","73,6593742202","28,8814434114"
2014-10-21,"77,319813","63,1699030376","21,3864213716"
2014-10-22,"29,076384","66,4678701564","22,7382591898"
2014-10-23,"31,509350","52,8682719993","28,1534767929"
2014-10-24,"69,954670","71,2792726135","29,4685907458"
2014-10-25,"87,113036","50,3769405126","27,8103341151"
2014-10-26,"25,558099","75,9447690290","28,7130056010"
2014-10-27,"53,269421","60,2503892434","29,3264402375"
2014-10-28,"62,090092",indisponivel,"23,4475331476"
2014-10-29,"95,744798","51,1189975563","22,3878989804"
2014-10-30,"93,651535","76,2293134090","24,4984564574"
2014-10-31,"88,984667","70,0519884373","29,1696840488"
2014-11-01,"34,088701","76,5168852311","25,5652192887"
2014-11-02,"90,285391","68,8980744492","25,2892836520"
2014-11-03,"49,435849","52,9499157349","27,4930422323"
2014-11-04,"62,763300","67,8111720496","23,1709167772"
2014-11-05,"99,989687","77,9771862353","29,8298816855"
2014-11-06,"21,147504","72,6498061809","26,8576699611"
2014-11-07,"48,665256","67,8246837232","24,6803395691"
2014-11-08,"33,014922","69,4370534396","25,7635415326"
2014-11-09,"10,624576","74,8349612045","26,0177126259"
2014-11-10,"68,060359","74,3140215502","23,9583435658"
2014-11-11,"74,148817","71,8649082442","21,9555026355"
2014-11-12,"69,405317","79,0385016239","23,2035719880"
2014-11-13,"45,353074","52,7083538960","28,8365398167"
2014-11-14,"24,163005","63,4421196463","27,0869414528"
2014-11-15,"55,481539","72,7042239165","23,5035479025"
2014-11-16,"86,269045","64,6436766970","20,9987878044"
2014-11-17,"81,244095","72,6726417217","28,2632907997"
2014-11-18,indisponivel,"77,9959088937","27,8840789687"
2014-11-19,"63,606293","70,8314726546","28,7423847961"
2014-11-20,"47,729137","78,8244239507","22,3636037374"
2014-11-21,"92,635099","69,1271214588","23,0424286646"
2014-11-22,"83,318433","77,9564637412","29,0697660350"
2014-11-23,"52,549247","71,7252620281","26,0235112272"
2014-11-24,"88,632361","53,7762335193","23,4016431880"
2014-11-25,"64,697439","70,1735571120","26,2120584668"
2014-11-26,"14,300090","69,8825964395","26,8403300922"
2014-11-27,"10,472521","69,1593676386","28,2767960331"
2014-11-28,"51,439147","64,8316092220","23,0301570711"
2014-11-29,"64,881337","66,8406983268","29,2445221817"
2014-11-30,"63,790203","59,6886992664","25,6033518951"
2014-12-01,"224,502806","83,5527003715","25,4445143592"
2014-12-02,"92,960595","78,9562812335","32,1527072011"
2014-12-03,"234,664592","80,4507065064","31,8071646803"
2014-12-04,"51,219910","93,1125159162","36,9014070604"
2014-12-05,"84,226868","70,6885280971","27,8414958460"
2014-12-06,"140,763458","74,3519215416","27,3905192678"
2014-12-07,"218,294205","76,4629795912","25,8282272713"
2014-12-08,"127,386409","76,4661212900","35,9133838265"
2014-12-09,"62,545997","81,1651503366","35,5348127336"
2014-12-10,"129,366317","92,9724137296","25,4052695568"
2014-12-11,"276,512340","64,2798148631","37,9596536678"
2014-12-12,"178,868872","69,3191766312","28,4014256055"
2014-12-13,"72,283352","89,2695054224","29,6871580392"
2014-12-14,"64,039124","85,5001375543","36,7881929600"
2014-12-15,"60,117531","94,9129767982","36,6589982741"
2014-12-16,"199,887230","87,2643875897","34,7519698794"
2014-12-17,"170,349771","76,4166299091","26,1144401009"
2014-12-18,"235,938951","65,8475715035","31,8063247666"
2014-12-19,"112,681397","67,1158772836","30,8584929089"
2014-12-20,"268,139894","70,8653690857","37,3817677149"
2014-12-21,"131,369750","88,5864674817","37,0147829404"
2014-12-22,"155,404126","68,2984975168","31,3597497325"
2014-12-23,"86,908722","61,2546187058","26,2782975906"
2014-12-24,"231,197006","66,8525367717","32,9250072190"
2014-12-25,"220,071631","84,6678471489","25,7673542880"
2014-12-26,"245,293062","68,0807181283","33,8114261753"
2014-12-27,"75,690546","90,7956092881","36,2809686556"
2014-12-28,"207,353714","85,5286376306","27,8698550675"
2014-12-29,"60,451319","89,2268781103","28,2176689618"
2014-12-30,"158,985823","94,8063300258","34,0735155070"
2014-12-31,"164,516264",,"26,5103074479"
2015-01-01,"227,818747","77,4866491572","27,0272989148"
2015-01-02,"82,357283","61,1592866753","37,3727833398"
2015-01-03,"261,886011","62,7950774889","32,3567575061"
2015-01-04,"202,170050","70,4431865143","26,9951362917"
2015-01-05,"158,194653","60,7691739107","27,8246028964"
2015-01-06,"211,271681","92,6627067857","28,6479351008"
2015-01-07,"255,909574","94,9152639841","29,9742811084"
2015-01-08,"64,981804","83,7856005923","27,2222172041"
2015-01-09,"200,109650","60,6026537120","35,3609078724"
2015-01-10,"105,727464","92,6627499391","30,4616474406"
2015-01-11,indisponivel,"63,3042997121","25,2878185866"
2015-01-12,"296,179003","86,1548165711","27,6991506432"
2015-01-13,"296,407742","65,5182255268","35,1359011095"
2015-01-14,"201,899663","88,1183386062","27,1490069206"
2015-01-15,"244,758480","78,3854479068","37,3978631719"
2015-01-16,"262,736044","78,6548837545","33,7379308933"
2015-01-17,"218,381999","82,5860865336","29,1294680990"
2015-01-18,"61,331151","89,8600842886","29,1349944233"
2015-01-19,"123,443309","71,8320394336","33,1193607718"
2015-01-20,"137,287213","85,8143129256","28,0302679857"
2015-01-21,"287,411359","72,2844959787","36,2342193845"
2015-01-22,"299,551276","61,8959921423","29,8241714427"
2015-01-23,"198,086377","79,5588248979","35,6087798882"
2015-01-24,"175,772679","65,9100648155","30,6092671748"
2015-01-25,"278,653911","91,6112989300","35,9365646457"
2015-01-26,"141,458518","66,6230204241","27,8059892307"
2015-01-27,"248,870257","65,0456073565","32,5802997439"
2015-01-28,"227,882477","81,7453591807","26,7813524931"
2015-01-29,"55,607244","83,1537845584","30,7649440122"
2015-01-30,"253,467291","73,6698912019","37,9618539376"
2015-01-31,"224,138382","64,6919842293","31,7401180239"
2015-02-01,"87,444191","90,2920748908","26,0621812996"
2015-02-02,"107,113330","84,0799108271","32,4138916522"
2015-02-03,"221,965305","81,4695061518","25,0835597025"
2015-02-04,"214,336991","94,5487151334","28,4549982636"
2015-02-05,"153,178322","81,0449741199","28,9753496683"
2015-02-06,"291,437578","69,1219203459","32,6547854051"
2015-02-07,"291,772220","65,0407710102","35,0704855425"
2015-02-08,"75,800239","69,0089279743","27,6423078202"
2015-02-09,"75,420019","74,8732143547","27,4740214850"
2015-02-10,"218,968773","73,1442577402","27,9385272179"
2015-02-11,"156,502323","81,2336877835","29,1905641567"
2015-02-12,"235,154043","92,3683598557","33,3239904010"
2015-02-13,"298,500501","71,2116798089","34,2315832207"
2015-02-14,"136,064977","60,8686715454","36,2908569970"
2015-02-15,"97,510120","76,1835662376","27,5523454680"
2015-02-16,"197,774153","79,0752679582","27,8189320527"
2015-02-17,"294,787116","82,6682034303","31,5271726805"
2015-02-18,"286,819802","90,3087818495","26,5834955201"
2015-02-19,"280,012301","66,7746815798","32,0346257974"
2015-02-20,"60,543253","80,9991288319","36,3077652056"
2015-02-21,"170,335327","67,4714539549","34,5661748609"
2015-02-22,"84,332833","83,0164154566","26,6390364011"
2015-02-23,,"65,0021812601","34,6571999194"
2015-02-24,"106,725883","91,1162041551","25,1942761723"
2015-02-25,"269,208037","91,1981968956","28,5339310878"
2015-02-26,"94,279360","68,2958642582","37,7687889231"
2015-02-27,"84,247091","81,8797496409","34,5342233179"
2015-02-28,"243,702306","63,9747688086","35,6348053123"
2015-03-01,"247,471673","80,9243155828","28,2647314557"
2015-03-02,"217,429941","61,3289939151","20,9570451050"
2015-03-03,"137,270176","83,9033331640","21,9870629658"
2015-03-04,"280,002899","93,3331677269","26,6277211770"
2015-03-05,"57,206846","89,2012950807","24,4230665148"
2015-03-06,"86,109630","85,2638319383","20,5195885055"
2015-03-07,"219,474604","82,0193422524","24,0107020565"
2015-03-08,"219,381170","75,4078975182","20,2083414091"
2015-03-09,"251,507550","65,6466774661","25,9409423356"
2015-03-10,"171,350065","94,9603952296","23,9241164189"
2015-03-11,"57,222836","64,9715804558","23,5435159552"
2015-03-12,"184,974195","66,9971127789","20,3871151347"
2015-03-13,"259,371015","94,7725362334","23,8369753750"
2015-03-14,"143,890789","76,8557579288","20,8114951336"
2015-03-15,"284,101756","94,2845937737","24,7663127248"
2015-03-16,"182,903346","71,1290161464","29,9697685728"
2015-03-17,"164,728170","72,0079465751","24,7488829600"
2015-03-18,"266,127103","78,5737483505","23,9439437115"
2015-03-19,"231,277949","73,4137990821","28,1561678635"
2015-03-20,"290,597466","75,0053773477","20,3321366921"
2015-03-21,"265,982125","86,0415136715","29,2015479325"
2015-03-22,"261,906932","75,1099638235","24,2555536906"
2015-03-23,"138,302591","80,5596601024","22,0568670201"
2015-03-24,"174,271090","72,3068964244","23,0508561864"
2015-03-25,"75,483325","67,9592859264","27,2345636960"
2015-03-26,"163,889000","69,7198874565","27,2374791869"
2015-03-27,"207,260011","75,0619373063","24,6026745473"
2015-03-28,"114,212561","60,9211112709","29,5167463027"
2015-03-29,"108,694836","83,5363082709","24,5265374248"
2015-03-30,"173,539735","71,1409383685","24,3393983501"
2015-03-31,"185,084571","74,1819697442","21,8241036705"
2015-04-01,"67,589988","64,6181880430","23,3733851651"
2015-04-02,"83,986737","78,3710830349","26,5792183798"
2015-04-03,"19,656882","67,2946753723","20,1315919579"
2015-04-04,"89,471232","61,3412095752","21,0973794809"
2015-04-05,"10,737589","67,1124101204","28,7313585720"
2015-04-06,"83,167147","70,0341716178","27,3145753105"
2015-04-07,"83,846502","62,1690897540","21,5826692301"
2015-04-08,"64,766844","57,1420470041","22,5296953567"
2015-04-09,"78,487384","69,9772843206","27,2084081014"
2015-04-10,"77,805955","69,2847847944","24,9733549162"
2015-04-11,"92,663695","65,7113703977","25,7671452433"
2015-04-12,"33,253573","60,1128441818","27,1612114639"
2015-04-13,"76,574936","62,7699756828","23,4137681393"
2015-04-14,"80,225137","66,3126652255","23,7103820359"
2015-04-15,"18,486078","62,5778640975","22,4909022174"
2015-04-16,"78,250669","79,9578169826","26,0174379191"
2015-04-17,"48,512350","66,7509811799","27,8132516277"
2015-04-18,"84,787104","71,9226130394","20,4983035132"
2015-04-19,"82,692053","67,2867860050","22,1438947894"
2015-04-20,"43,188347","62,4539717021","21,3814326430"
2015-04-21,"94,276945","55,1964892174","22,9264774532"
2015-04-22,"71,315762","56,5429976705","21,8179082071"
2015-04-23,"94,648240","71,7479198345",indisponivel
2015-04-24,"47,612231","73,2200647974","22,5014458961"
2015-04-25,"33,393105","72,7177257245","22,8684363223"
2015-04-26,"72,601366","74,8185351051","22,1675345013"
2015-04-27,"52,340825","61,4235975006","21,6570342988"
2015-04-28,"99,262289","68,9359288439","24,8897810370"
2015-04-29,"88,679570","72,3278435919","26,9979749481"
2015-04-30,"43,880331","77,2726579773","26,1219571791"
2015-05-01,"91,326408",indisponivel,"29,7598572112"
2015-05-02,"93,913061","73,4422803961","22,4913394007"
2015-05-03,"39,192048","65,5511688927","23,5858682384"
2015-05-04,"96,671328","76,7575705185","28,3991738967"
2015-05-05,"75,502390","66,6547389881","28,2633472277"
2015-05-06,"57,859200","78,6062213525","29,6058700678"
2015-05-07,"74,443243","76,2639892843","26,5914642924"
2015-05-08,"59,609831","71,1767325533","27,1256207724"
2015-05-09,"81,266793","60,9477550889","25,7421919245"
2015-05-10,"41,577234","65,5052495944","22,0486386161"
2015-05-11,"28,779890","57,2446639800","27,3049096850"
2015-05-12,"16,490868","50,4507186924","23,3478261378"
2015-05-13,"24,235832","57,5588642009","22,6899053876"
2015-05-14,"53,285708","66,6987469827","28,7036737794"
2015-05-15,"48,912593","78,0155285216","24,7861551586"
2015-05-16,"85,908558","69,3086819884","24,5637776585"
2015-05-17,"41,378997","78,6853257588","25,3019702346"
2015-05-18,"33,854512","51,3504176056","25,8739402042"
2015-05-19,"89,802801","62,2567823509","28,3665319435"
2015-05-20,"74,081349","61,6725492396","28,8137917355"
2015-05-21,"26,806649","66,5077106512","24,0221247742"
2015-05-22,"47,874130","68,0598904204","25,7536618210"
2015-05-23,"48,239902","57,3461646457","23,2082640636"
2015-05-24,"29,347733","61,2405907747","26,0023185717"
2015-05-25,"24,376740","65,3007428395","28,1236952210"
2015-05-26,"64,102896","59,0414340533","20,9748814168"
2015-05-27,"51,564059","75,1213844754","22,5608784531"
2015-05-28,"90,242579","77,9876441204","26,5313500102"
2015-05-29,"90,532894","65,4523301162","28,2950666479"
2015-05-30,"94,542304","68,4061782683","21,3970029631"
2015-05-31,"39,024476","66,4477771346","23,4397785293"
2015-06-01,"2,939388","47,5434543679","14,8939778597"
2015-06-02,"16,533533","56,1506708016","21,8033142305"
2015-06-03,"14,441285","45,5396435099","21,5094847028"
2015-06-04,"3,331951","69,7278941979","24,5709626031"
2015-06-05,"37,362723","40,7454789116","22,0755501706"
2015-06-06,"48,181956","53,6897169201","14,5873814885"
2015-06-07,"20,218508","53,2840679695","15,3057230634"
2015-06-08,"29,568458","61,2961173029","23,2858199889"
2015-06-09,"39,466527","43,2139077876","19,4228435614"
2015-06-10,"29,560134","45,7715113544","20,1685166061"
2015-06-11,"3,623853","57,8931170127","18,1411362104"
2015-06-12,"1,297513","65,1629193107","22,4509680155"
2015-06-13,"43,300551","68,7009745039","18,7222014809"
2015-06-14,"32,777398","65,7121077046","22,5123020743"
2015-06-15,"14,192371","49,4937570042","21,1363679390"
2015-06-16,"17,475415","45,5613382307","21,0725570848"
2015-06-17,"45,085538","64,4833312257","20,8352450781"
2015-06-18,"27,671301","50,9495957232","20,3804330809"
2015-06-19,"26,942504","60,0020925267","24,5315458686"
2015-06-20,"6,303267","53,4451909594","24,3244495028"
2015-06-21,"5,729028","42,9882431373","18,0553557248"
2015-06-22,"12,247120","63,0244862243","22,8172353179"
2015-06-23,"26,781786","45,3610954950","16,3057908739"
2015-06-24,"48,035718","49,6330396533","17,0563678485"
2015-06-25,"33,548080","52,0327401247","20,2483624970"
2015-06-26,"21,493374","61,5012688331","24,2906837437"
2015-06-27,"47,384041","43,7465664571","23,6636919755"
2015-06-28,"32,575572","45,2681376502","15,3524185264"
2015-06-29,"13,410496","56,4718211499","19,9723367437"
2015-06-30,"28,421744","60,5649450618","20,7139307989"
2015-07-01,"46,746813","65,7107411100","18,6467997236"
2015-07-02,"29,334557","52,3789192862","19,6425077469"
2015-07-03,"7,002644","59,8952610309","18,5377884362"
2015-07-04,"28,882492","54,4506582717","22,8726362072"
2015-07-05,"20,196504","59,0675997834","22,8850282371"
2015-07-06,"28,690901","47,8246070050","17,5936666815"
2015-07-07,"8,408544","54,1841096018","22,2572596894"
2015-07-08,"35,473544","69,9191647840","21,5540409394"
2015-07-09,"38,601565","59,6397496679","20,4165805146"
2015-07-10,"18,285471","48,9075325204","17,2974250386"
2015-07-11,"33,139016","53,3246025408","20,1036044694"
2015-07-12,"31,179646","58,3303124199","21,2089765849"
2015-07-13,"28,527982","50,3651554188","15,4058570503"
2015-07-14,"30,532051","46,5872179932","14,5355241347"
2015-07-15,"33,800550","51,3854933215","23,5104894126"
2015-07-16,"21,700732","45,1182470048","24,8302361637"
2015-07-17,"10,032031","54,3745875641","14,7408297455"
2015-07-18,"6,578926","44,7811185665","24,1859916773"
2015-07-19,"17,663268","69,2219229118","21,6263699818"
2015-07-20,"29,604493","65,3997559926","22,2005764078"
2015-07-21,"43,912618","65,8163522926","24,0055094146"
2015-07-22,"40,708770","49,5222715906","15,7902489411"
2015-07-23,"36,352732","42,5078223355","14,4897642180"
2015-07-24,"3,034949","45,5009119856","17,3501872678"
2015-07-25,"42,420192","41,4700157510","21,1767719312"
2015-07-26,"28,240645","61,0219711867","20,4114474868"
2015-07-27,"4,026035","67,4226659241","18,7687696760"
2015-07-28,"17,987015","64,4548547084","23,9036977656"
2015-07-29,"20,761953","60,2736589728","20,1220241431"
2015-07-30,"40,876178","64,8365107898","21,6922620620"
2015-07-31,"14,967710","50,8583809458","18,7984377401"
2015-08-01,"44,169739","49,9600004912","20,4667739162"
2015-08-02,"16,339440","49,7560332343","15,9254253703"
2015-08-03,"1,205136","57,7880393466","15,0280048405"
2015-08-04,"10,163962","63,6290764238","21,6793903341"
2015-08-05,"12,188237","52,9778075889","17,9968705936"
2015-08-06,"27,187741","55,8060833018","15,6739420111"
2015-08-07,"17,994708","65,8876986443","22,3947608911"
2015-08-08,"46,599296","41,8456335345","14,1691827229"
2015-08-09,"41,203182",indisponivel,"17,3637143523"
2015-08-10,"36,052322","42,2251915914","15,4537318988"
2015-08-11,"17,988943","40,8328516865","23,9564392065"
2015-08-12,"22,818943","59,3781971893","16,3130310116"
2015-08-13,"20,800874","52,1430058529","17,3746940855"
2015-08-14,"33,974588","67,8119205203","14,8413944914"
2015-08-15,"28,741480","68,9968640850","20,0407035811"
2015-08-16,"26,402414","58,8036491338","18,5293860666"
2015-08-17,indisponivel,"63,4321484011","17,9119403265"
2015-08-18,"1,719562","42,2468332398","15,5801792721"
2015-08-19,"29,355966","61,0325623513","20,7426347446"
2015-08-20,"27,575062","58,1614082083","19,2827098351"
2015-08-21,,"47,3914512104","22,2369552334"
2015-08-22,"8,064154","68,9414317036","22,5575965537"
2015-08-23,"41,793777","57,3008548240","19,3676685269"
2015-08-24,"45,616026","48,8823057388","22,7890028690"
2015-08-25,"6,318580","67,2486593842","14,5879998994"
2015-08-26,"10,436411","43,4995861739","21,2356316620"
2015-08-27,"32,320388","49,4118002347","20,0756097640"
2015-08-28,"43,570138","68,3450373037","18,1788416424"
2015-08-29,"26,544053","56,7121550624","16,4736781785"
2015-08-30,indisponivel,"43,2737734137","20,3218078948"
2015-08-31,"31,306466","42,7000605571","18,8989800777"
2015-09-01,"29,694760","50,3945583773","27,8791537014"
2015-09-02,"1,920509","45,4819207929","23,9327288949"
2015-09-03,"39,999082","68,0684548863","28,9412594171"
2015-09-04,"6,763827","62,3882050573","28,1496789670"
2015-09-05,"35,777840","64,4014403925","22,9170005545"
2015-09-06,"35,809557","60,6659575324","21,7633212932"
2015-09-07,"16,814080","58,4070452348","29,2397754631"
2015-09-08,"43,288137","58,3177219551","22,3238013280"
2015-09-09,"31,203643","61,4641810609","27,9935522228"
2015-09-10,"35,648298","48,1658191204","21,2458974300"
2015-09-11,"3,247413","55,3798844488","21,4014284848"
2015-09-12,"42,750110","49,2716077119","21,9355268217"
2015-09-13,"6,983369","62,2328872502","22,9341601748"
2015-09-14,"13,424595","68,6319481480","20,0314622985"
2015-09-15,"47,854576","60,6204183507","25,7561174313"
2015-09-16,"41,085455","53,0152371063","21,3462030836"
2015-09-17,"44,839544","42,3568866648","21,7467048203"
2015-09-18,"40,612922","64,7165098419","28,8692442908"
2015-09-19,"21,374117","52,9828328060","24,8894655152"
2015-09-20,"37,946502","49,8842682403","29,3542663903"
2015-09-21,"12,089519","56,3015763296","26,3759522383"
2015-09-22,"33,186723","42,0709623831","23,0960746751"
2015-09-23,"39,212821","49,1216906647","21,2920386358"
2015-09-24,"43,185855","54,6968593971","24,4842584174"
2015-09-25,"49,768622","43,2593748153","29,2391919996"
2015-09-26,"8,744845","63,5970499469","23,3900438764"
2015-09-27,"41,447531","41,6017905755","20,2729421722"
2015-09-28,"15,590398","57,1111080212","21,9886597151"
2015-09-29,"11,999241","48,4552005495","29,2634964731"
2015-09-30,"38,686104","59,7845272512","20,1575474025"
2015-10-01,"93,611195","62,3374756083","24,4216666513"
2015-10-02,"85,338525","56,6957581494","20,5776857903"
2015-10-03,"40,761474","75,4267691554","20,9153077730"
2015-10-04,"58,487160","66,7327805218","25,2388995976"
2015-10-05,"19,171767","63,0705494092","29,6504007357"
2015-10-06,"65,759015","65,3892660332",indisponivel
2015-10-07,"20,455814","50,8914166509","21,3127438479"
2015-10-08,"12,541283","53,7664086821","25,7331439591"
2015-10-09,"78,753841","58,2219030614","27,7967631954"
2015-10-10,"78,857171","68,7776945178","29,0210626094"
2015-10-11,"89,067605","76,6329382385","22,4586586697"
2015-10-12,"58,699812","77,2411598853","28,4861081924"
2015-10-13,"34,786835","52,9906471269","26,3780153842"
2015-10-14,"50,537893","50,8877294321","20,5792440784"
2015-10-15,"58,798231","57,7731574816","20,8099941146"
2015-10-16,"55,442162","60,9865826613","26,1366111781"
2015-10-17,"82,199517","52,1082204014","23,5730433469"
2015-10-18,"41,223061","70,0918720521","26,6779580294"
2015-10-19,"80,667159","56,6135919250","21,8744124189"
2015-10-20,"56,255504","56,0063451292","26,0578675142"
2015-10-21,"60,096529","62,3526958122","28,9965954422"
2015-10-22,"66,925206","70,5550636346","25,2060701152"
2015-10-23,"87,979786","53,3732858310","21,8804988979"
2015-10-24,"56,934403","66,9924255133","28,2382233621"
2015-10-25,"55,211194","71,0434984501","27,4810140335"
2015-10-26,"97,644067","77,7207746349","22,3069056971"
2015-10-27,"35,018126","75,0075701976","20,1510301347"
2015-10-28,"60,354910","53,8983080684","21,2763640089"
2015-10-29,"84,627626","78,2592834514","25,4421747386"
2015-10-30,"56,603960","52,3318696285",indisponivel
2015-10-31,"37,754349","54,6107509595","28,5382058645"
2015-11-01,"54,816082","67,4386110440","26,8284889788"
2015-11-02,"56,592070","70,3777905257","26,2386303584"
2015-11-03,"31,450716","51,4129079466","23,9078645913"
2015-11-04,"54,242608","54,1782999239","25,4492492842"
2015-11-05,"90,836663","73,9702092660","23,8867193719"
2015-11-06,"67,812831","50,5325381563","20,1514294295"
2015-11-07,"16,380257","51,9077079834","25,6964668517"
2015-11-08,"93,876079","63,4259976754","21,2189333583"
2015-11-09,"56,772860","51,3055644841","21,6157687926"
2015-11-10,"90,256902","79,8180715884","24,6883764241"
2015-11-11,"19,603844","58,8182829856","20,4055659746"
2015-11-12,"29,260934","51,2682341182","21,9127819399"
2015-11-13,indisponivel,"51,1847512361","29,6388233834"
2015-11-14,"97,489156","69,9471260814","24,7656305602"
2015-11-15,"65,671752","63,5286656111","24,8398720672"
2015-11-16,"83,373816","68,9371328745","20,8552888809"
2015-11-17,"49,967245","68,3128539560","26,4134859264"
2015-11-18,"43,200265","67,8768541590","22,4762168779"
2015-11-19,"82,404992","64,3235429907","21,4038247119"
2015-11-20,"12,500511","61,0377879471","27,6340227088"
2015-11-21,"81,298890","79,7433333241","24,0848383661"
2015-11-22,"79,106812","68,7940419147","29,2104045235"
2015-11-23,"56,226439","77,4492698164","27,3667403156"
2015-11-24,"39,162231","63,2538535517","22,6316094229"
2015-11-25,"94,749557","64,4824620951","25,9758166605"
2015-11-26,"24,617914","56,1029011496","25,3925789516"
2015-11-27,"76,374425","57,0159055270","21,1799449611"
2015-11-28,"53,394389","67,9969229037","22,2515182409"
2015-11-29,"19,839761","50,5606500602","24,9733472020"
2015-11-30,"81,528057","71,9077954407","22,5225196286"
2015-12-01,"204,473363","63,4136473546","33,6368400407"
2015-12-02,"157,160029","62,9791203358","31,1481726953"
2015-12-03,"129,161672","90,5893133644","27,9488670613"
2015-12-04,"211,551448","84,1542965209","37,8870592804"
2015-12-05,"184,159320","91,5581936863","33,6985088316"
2015-12-06,"286,572014","92,2369881293","33,9716559551"
2015-12-07,"209,959519","72,8661499610","30,5080080731"
2015-12-08,"171,631021","69,7833384680","30,8773677339"
2015-12-09,"181,700828","85,5739785228","35,1596417500"
2015-12-10,"85,176101","74,8375925586","29,3654745634"
2015-12-11,"214,587597","91,4905744775","26,6424156024"
2015-12-12,"294,679488","75,3459037933","36,5907392865"
2015-12-13,"283,560398","78,8823187216","32,9525437427"
2015-12-14,"161,071748","76,1499213791","32,9262129119"
2015-12-15,"54,479216","93,5242085061","36,4663626023"
2015-12-16,"93,943903","76,6448304767","27,6202659796"
2015-12-17,"204,435416","88,9663727824","29,4016172256"
2015-12-18,"237,817949","70,2164003175","35,7903308063"
2015-12-19,"98,999529","81,0919366814","34,3500470825"
2015-12-20,"99,608253","64,6163613148","37,8769746527"
2015-12-21,"271,870242","70,4451867557","34,1070504043"
2015-12-22,"90,046172","65,8163609061","31,1520742628"
2015-12-23,"134,594502","93,6276813908","26,2257572147"
2015-12-24,"151,585768","82,9578131938","28,4125554943"
2015-12-25,"79,470482","83,6793388475","28,2839948575"
2015-12-26,"92,737509","66,2732932442","28,8070908456"
2015-12-27,"123,205311","79,5402454451","32,6566765866"
2015-12-28,"107,114413","88,3227823924","30,0141324273"
2015-12-29,"223,491681","76,8522273361","27,7726494827"
2015-12-30,"161,009413","62,8473478712","29,5070418739"
2015-12-31,"83,500788","60,6127295707","36,8775562117"
2016-01-01,"130,344068","61,0287518358","28,5727623128"
2016-01-02,"190,474571","89,7206004254","36,0978398659"
2016-01-03,"151,888951","62,6380450098","33,4849080087"
2016-01-04,"150,399754","72,6324695250","26,5243005452"
2016-01-05,"113,054261","69,5757654104","30,1443762166"
2016-01-06,"71,029671","60,9267225817","30,7266521842"
2016-01-07,"185,610204","83,0784852866","29,5773383106"
2016-01-08,"131,814396","68,7701977658","33,9605262882"
2016-01-09,"70,588945","92,1887904153","32,5297149736"
2016-01-10,"66,145824","92,9411370514","35,9548361509"
2016-01-11,"178,561890","83,7027467679","34,3205858931"
2016-01-12,"255,183611","69,4551134149","25,0728009317"
2016-01-13,"52,514864","87,0710070336","25,9033255566"
2016-01-14,"251,568524","83,5734422552","31,0186543856"
2016-01-15,"161,613851","64,0445227278","32,5015186881"
2016-01-16,"248,861731","80,6301114741","30,8450664620"
2016-01-17,"251,129819","60,2587921879","26,6377691637"
2016-01-18,"218,872212","72,1739477753","29,5852979942"
2016-01-19,"183,818835","61,7368336941","26,4244885942"
2016-01-20,"158,552267","72,5992401363","26,8874122369"
2016-01-21,"128,059944","83,0195775257","30,6493928375"
2016-01-22,"235,710437","63,4235926080","30,3462093676"
2016-01-23,"170,149194","71,2752566734","27,1461422226"
2016-01-24,"236,363528","63,2489003784","35,2962273098"
2016-01-25,"94,238373","62,3792936030","32,2718492091"
2016-01-26,"257,980632","69,8541737694","26,6408304614"
2016-01-27,"277,227999","62,6461755014","28,1230059308"
2016-01-28,"202,752776","77,3417620783","28,3687795749"
2016-01-29,"115,994470","75,2746892648","31,2893439677"
2016-01-30,"73,841251","72,0208381139","37,7286736744"
2016-01-31,"164,224703","62,7424228402","28,8245653561"
2016-02-01,"286,336849","84,6833978925","33,5188991081"
2016-02-02,"88,487866","68,0732422704","25,9472249826"
2016-02-03,"151,862592","78,1129485362","25,9108008350"
2016-02-04,"131,251770","86,3080768437","29,4876239264"
2016-02-05,"266,206631","82,9984233420","33,7493071500"
2016-02-06,"195,303541","76,1908281577","26,1583830902"
2016-02-07,"292,096121","60,7503957109","29,6403710875"
2016-02-08,"125,054475","73,1687239934","29,1462124525"
2016-02-09,"274,666104","73,5333353764","36,2784422258"
2016-02-10,"297,233632","78,6234300038","34,8768764054"
2016-02-11,"294,167853","83,1085277202","30,8280683225"
2016-02-12,"245,709629","92,9957278170","32,1559452999"
2016-02-13,"215,390588",indisponivel,"34,9056178569"
2016-02-14,"123,217206","84,6842851806","31,2274245535"
2016-02-15,"176,190938","61,6611852146","35,3688034717"
2016-02-16,"286,912480","62,8995475349","28,8958412622"
2016-02-17,"124,339695","93,5486677878","29,4475599694"
2016-02-18,"132,364480","93,7469631537","29,6711435721"
2016-02-19,"195,383750","74,0629200977","27,3123752320"
2016-02-20,"285,356551","73,7917571113","30,3238019665"
2016-02-21,"57,479131","62,1577450944","33,9718206186"
2016-02-22,"159,074277","63,7775400425","34,4368860715"
2016-02-23,"235,177724","69,8406311494","27,3241561566"
2016-02-24,"154,928098","76,8542735494","30,3572058118"
2016-02-25,"215,767706","84,2780371735","28,3094281177"
2016-02-26,"210,305959","90,7705710439","29,8210288506"
2016-02-27,"284,441614","89,6093742476","25,6398564508"
2016-02-28,"248,641602","86,3161571573","37,3739124410"
2016-02-29,"58,865299","70,8075322571","34,8275668987"
2016-03-01,"282,128869","72,5031505686","24,0791858593"
2016-03-02,"285,293318","67,9628761078","27,5316461054"
2016-03-03,"153,122357","88,1893674835","25,0279228110"
2016-03-04,"58,289577","93,2145379081","28,5045357339"
2016-03-05,"208,487299","88,8243735898","24,2685129529"
2016-03-06,"57,338329","62,1480242167","21,6706716004"
2016-03-07,"87,777778","67,7721443702","21,1367534703"
2016-03-08,"84,014173","80,6730272396","23,0300180309"
2016-03-09,"249,686286","80,8427074502","25,5167621768"
2016-03-10,"188,321994","87,7964865189","22,6464522933"
2016-03-11,"289,620958","77,9387197444","20,6627223416"
2016-03-12,"148,455525","88,9162578163","25,9278710701"
2016-03-13,"179,786845","69,2177954625","26,0057591482"
2016-03-14,"163,453049","91,1097256157","28,5307815123"
2016-03-15,"178,486070","82,5939944323","26,1405185570"
2016-03-16,"232,872166","92,6057093343","20,2622121005"
2016-03-17,"199,015591","72,9546704745","29,3138909606"
2016-03-18,"216,191971","65,8535853355","29,5500260896"
2016-03-19,"57,157688","63,2611932339","24,7466230836"
2016-03-20,"104,682086",indisponivel,"22,1593295977"
2016-03-21,"167,626545","86,9366012102","28,1880418822"
2016-03-22,"214,842392","69,5247823299","29,8569304961"
2016-03-23,"272,357280","63,0831603597","22,9985670617"
2016-03-24,"237,414771","62,2077559828","25,9191925538"
2016-03-25,"74,811391","71,0513338318","20,4350541530"
2016-03-26,"85,704212","88,7314607736","28,7503933427"
2016-03-27,"92,192660","77,0294055380","24,4714924015"
2016-03-28,"226,651279","73,9145853750","28,4023825395"
2016-03-29,"204,097555","86,2787379894","28,0866069715"
2016-03-30,"265,044074","75,1683471574","28,6260253410"
2016-03-31,"229,718909","63,1501619346","29,2057923049"
2016-04-01,"68,629218","74,7834193989","23,8754608427"
2016-04-02,"53,581994","60,3678921262","27,4562723701"
2016-04-03,"90,793021","50,2040219401","23,1887844267"
2016-04-04,"63,075076","55,1777751465","25,9516964056"
2016-04-05,"46,432609","63,7085635728","22,0415993713"
2016-04-06,"42,367905","63,1913016662","29,1615021935"
2016-04-07,"77,913674","61,4681702665","29,7073631872"
2016-04-08,"49,364675","67,3385073510","24,3526649763"
2016-04-09,"95,737755","78,5515247253","20,4741976354"
2016-04-10,"52,901647","75,9069697525","27,9303252769"
2016-04-11,"55,938164","58,7195878697","22,5599657531"
2016-04-12,"97,076311","66,6158560289","24,3931965383"
2016-04-13,"98,767334","51,6602365150","26,0365462676"
2016-04-14,"55,054372","73,3328185448","25,4247763868"
2016-04-15,"53,681101","56,0890237780","29,0116374184"
2016-04-16,"60,452056","53,1506768652","26,0855798308"
2016-04-17,"70,479588","55,2650284081","26,6178518807"
2016-04-18,"26,534468","76,6051038480","29,1690101410"
2016-04-19,"84,241586","73,1509781008","20,5654646952"
2016-04-20,"80,215236","61,6994173083","21,3817317109"
2016-04-21,"26,891570","72,6933543178","20,5206668279"
2016-04-22,"59,074178","66,2756907148","23,6454513668"
2016-04-23,"40,794064","69,6235470413",indisponivel
2016-04-24,"84,940372","68,5281968016","25,8248850089"
2016-04-25,"49,597044","68,6608537647","27,6851819363"
2016-04-26,"77,078356","68,9187413179","22,1905313603"
2016-04-27,"30,348241","51,2347860196","26,5836350643"
2016-04-28,"22,112878","51,1873798552","22,3934189123"
2016-04-29,"84,885054","55,5922612405","29,8844492662"
2016-04-30,"17,491029","78,7147660794","22,8413759559"
2016-05-01,"14,528096","78,6133739452","25,5670393525"
2016-05-02,"25,187267","61,0979733992","28,3660768248"
2016-05-03,"68,961820","55,9811899810","25,1737381381"
2016-05-04,"87,465812","64,0161989452","24,9105422501"
2016-05-05,"37,091081","52,4526476249","22,8731080696"
2016-05-06,"30,895733","62,6961755325","23,6868676033"
2016-05-07,"81,026433","68,3836746914","22,4830990596"
2016-05-08,"25,161366","60,9272475503","26,5058130592"
2016-05-09,"50,106898","63,3224431299","23,3185654107"
2016-05-10,"11,717302","53,0937051612","22,4448459329"
2016-05-11,"48,223320","70,6162820046","25,0339065726"
2016-05-12,"32,517374","52,9523257178","20,3792071171"
2016-05-13,"89,009458","59,0792149118","28,8551494593"
2016-05-14,"96,399694","77,9475355391","29,1326457202"
2016-05-15,"35,558507","64,8363936876","28,8325728780"
2016-05-16,"67,755230","61,7096164862","29,2319877046"
2016-05-17,"11,895159","66,0017722130","27,1132766321"
2016-05-18,"18,477730","54,0650873663","28,0749797856"
2016-05-19,"13,428484","59,0164233885","26,5301992200"
2016-05-20,"67,181281","56,0254653358","22,6691083763"
2016-05-21,"69,465260","65,6109466317","27,5242288324"
2016-05-22,"15,844146","51,6406672035","20,8725826266"
2016-05-23,"18,349878","60,3205796705","23,3352130060"
2016-05-24,"90,243637","68,9086773084","24,6663407194"
2016-05-25,"55,487901","57,7483422934","20,9144083963"
2016-05-26,"41,626547","69,3623095135","23,1905331573"
2016-05-27,"92,908396","77,9954425614","27,9029500417"
2016-05-28,"64,081779","50,0450609592","20,9943206700"
2016-05-29,"53,161715","73,1936829551","20,5854177257"
2016-05-30,"80,824545","55,2910862500","28,6165138753"
2016-05-31,"55,995623","66,4334530467","22,2863453204"
2016-06-01,"45,421634",,"18,4962547639"
2016-06-02,"27,673204","53,6926304724","15,3225639638"
2016-06-03,"16,822641","55,2861929267","17,6095922116"
2016-06-04,"5,647599","40,0354855235","19,4246922016"
2016-06-05,"18,734926","54,6347724794","19,1305039796"
2016-06-06,"22,448301","65,4703254924","19,5323908511"
2016-06-07,"48,251538","68,7711442397","24,3246411162"
2016-06-08,"36,300133","60,4156046455","16,3140869301"
2016-06-09,"44,005135","48,1482288048","18,0529184028"
2016-06-10,"25,956615","62,3248349335","18,9391090947"
2016-06-11,"11,186451","65,9220471601","22,1877538442"
2016-06-12,"36,409224","59,7283481536","17,1267186490"
2016-06-13,"27,810021","44,4656392799","16,8837878437"
2016-06-14,"9,173286","69,7784653333","15,4675747062"
2016-06-15,"32,333623","53,4359047472","18,0133451395"
2016-06-16,"14,029701","63,5164465550","23,2534044450"
2016-06-17,"45,069662","51,6093701696","19,0853154916"
2016-06-18,"39,246006","51,6998559998","19,9963258985"
2016-06-19,"36,338941","43,7754667643","18,4096951268"
2016-06-20,"21,373470","62,0547371359","16,7347935188"
2016-06-21,"42,422277","42,2860035774","22,9411559808"
2016-06-22,"38,407611","53,7162856988","16,3049265214"
2016-06-23,"12,310967","51,9760566694","20,8966997509"
2016-06-24,"6,986683","40,6049725824","22,3352697125"
2016-06-25,"49,449978","67,6019105169","21,7421814507"
2016-06-26,"4,750968","58,0643521634","24,5905487783"
2016-06-27,"35,523682","57,5272918231","22,5580428923"
2016-06-28,"40,128072","58,1870520388","17,0975177525"
2016-06-29,"15,175066","69,8013145389","16,1069051603"
2016-06-30,"16,966881","42,4742855390","18,8213839285"
2016-07-01,"49,788339","67,5734450549","17,6038863702"
2016-07-02,"45,045428","59,0348669144","24,1043438679"
2016-07-03,"14,153343","64,8750085792","23,7833965481"
2016-07-04,"45,125699","45,0284761315","17,5923215072"
2016-07-05,"26,122624","51,9070325681","18,8321869920"
2016-07-06,"1,937606","49,8130635367","20,0747400577"
2016-07-07,"4,078988","61,4983791885","16,7594158001"
2016-07-08,"22,738513","56,0900120992","15,8753726310"
2016-07-09,"4,125138","41,8569874036","24,8952309356"
2016-07-10,"14,491629","49,8169116669","16,8607058292"
2016-07-11,"8,875061","44,0331139342","17,6495641926"
2016-07-12,"34,035414","44,8697680824","22,3926012554"
2016-07-13,"33,610363","63,1206823749","19,6186774423"
2016-07-14,"45,285589","58,5206024321","18,8438053046"
2016-07-15,"22,565884","44,3003964587","20,4143696861"
2016-07-16,"12,515047","59,0937099294","24,5394923346"
2016-07-17,"40,994070","58,3445008846","16,8188229502"
2016-07-18,"27,373195","55,8626952880","22,2637171958"
2016-07-19,"41,421571","56,0948973515","23,9590836531"
2016-07-20,"43,860865","45,6797470597","21,7771855278"
2016-07-21,"38,007837","54,1762512190","16,9813117200"
2016-07-22,"39,185069","49,7871388262","24,0834738897"
2016-07-23,"49,028928","56,2044620402","24,9547611977"
2016-07-24,"21,388583","47,3226224921","17,0619515378"
2016-07-25,"5,847472","68,3979826803","19,3869400611"
2016-07-26,"28,515881","63,1560614804","14,7942708906"
2016-07-27,"6,047156","68,5855070631","23,5205932833"
2016-07-28,"39,495917","57,4029574504","19,9730368780"
2016-07-29,"48,737116","65,2734991503","17,9170917586"
2016-07-30,"30,772927","62,9687169315","19,7302897795"
2016-07-31,"43,632864","62,2075054110","17,5104520875"
2016-08-01,"48,980028","52,1762797597","18,0514209030"
2016-08-02,"33,800487","56,5782182142","23,3633087767"
2016-08-03,"17,955726","43,1399455872","24,2824673053"
2016-08-04,"35,698598","48,2315393104","14,5743132012"
2016-08-05,"23,271144","46,1783160032","24,3178000977"
2016-08-06,"39,450907","49,4242477923","22,2977413453"
2016-08-07,"16,923221","62,0436639833","20,3605669220"
2016-08-08,"47,903811","63,4062883746","21,8092354757"
2016-08-09,"34,254742","54,0343832222","23,5048802239"
2016-08-10,"15,674546","57,1205284943","22,5017916735"
2016-08-11,"48,754412","47,1386891058","22,6185255401"
2016-08-12,"11,224942","48,0745782823","22,3548182245"
2016-08-13,"9,811732","44,5474709487","23,6392373575"
2016-08-14,"16,942254","62,5480134028","17,2089726075"
2016-08-15,"37,770825","40,5045579102","16,5057813497"
2016-08-16,"38,552818","69,2937811262","24,2052157716"
2016-08-17,"8,479684","45,9068046422","15,8793230212"
2016-08-18,"41,663278","40,0485962644","24,0771659856"
2016-08-19,"3,764769","43,7461278904","23,4905519231"
2016-08-20,"17,151811","57,3427421796","23,2794536143"
2016-08-21,"9,842522","68,5111591108","22,0822792719"
2016-08-22,"32,343911","65,2787317963","20,2731357840"
2016-08-23,"45,411921","42,4591302285","16,2079136936"
2016-08-24,"48,842625","64,7709595200","18,9609983789"
2016-08-25,"13,401057","47,0502039599","15,2382133900"
2016-08-26,"21,500149","55,2364154576","20,5754587902"
2016-08-27,"14,409174","64,5343761089","22,3575335745"
2016-08-28,"13,918493","64,2772673779","16,9375351325"
2016-08-29,"13,736069","62,2745477547","23,2949238656"
2016-08-30,"27,525432","66,2064676830","19,0965229017"
2016-08-31,"16,297773","59,6860392008","23,0673079785"
2016-09-01,"29,243953","40,8333348272","23,9273596214"
2016-09-02,"13,840582","66,9338309280","23,9691327305"
2016-09-03,"2,008330","48,7415388130","23,1397833557"
2016-09-04,"7,231140","48,5175449800",
2016-09-05,"39,255015","47,2361424894","26,3424126005"
2016-09-06,"12,639984","43,1432217427","24,9298095280"
2016-09-07,"10,385753","66,1063989184","27,2600951009"
2016-09-08,"7,432585","52,1217701605","29,7217696730"
2016-09-09,"40,409650","54,9553235646","29,6591038264"
2016-09-10,"1,876622","60,7578124337","22,2680188206"
2016-09-11,"14,487080","60,6989352427","29,2035227251"
2016-09-12,"4,057529","47,4595799474","23,2394730354"
2016-09-13,"13,241868","63,1808161232","21,0440726560"
2016-09-14,"38,972045","51,6159315892","27,4924922996"
2016-09-15,"15,280452","67,4699150294","26,7464669985"
2016-09-16,"1,085720","68,3614222672","23,2344887171"
2016-09-17,"28,780326","45,5500306498","21,0652414669"
2016-09-18,"8,456360","64,7673362931","22,4297291086"
2016-09-19,"29,463524","58,8849113273","27,9584055251"
2016-09-20,"0,918785","44,2016170419","22,0718441099"
2016-09-21,"49,447604","68,1292881083","25,4160395312"
2016-09-22,"49,557378","48,1953089767","27,3995352375"
2016-09-23,"35,657524","66,8075327800","26,5479057429"
2016-09-24,"0,459843","42,4720616996","20,0073103478"
2016-09-25,"36,291924","48,7820910014","26,6369617865"
2016-09-26,"24,687812","59,9516597979","20,5563785389"
2016-09-27,"6,672882","63,1199161253","20,4958084718"
2016-09-28,"5,327537","45,7894820589","23,2978047268"
2016-09-29,"18,885664","40,9077100389","26,8152919429"
2016-09-30,"31,591223","58,6419878816","29,5817346400"
2016-10-01,"95,919178","74,8390574132","22,7556475285"
2016-10-02,"51,611927","66,4716811154","23,9140019926"
2016-10-03,"46,660316","63,7251676742","21,4009681423"
2016-10-04,"54,218898","72,0063503566","24,8370439752"
2016-10-05,"97,989497","61,9582677749","22,7234503251"
2016-10-06,"80,811428","57,8246525380","22,6615173499"
2016-10-07,"62,581066","70,1143361092","28,2401978011"
2016-10-08,"61,711604","76,0564769560","26,8809695016"
2016-10-09,"73,887688","64,5141396733","24,9647866537"
2016-10-10,"62,300485","62,4530404655","27,9168185011"
2016-10-11,"10,786325","73,4292705517","24,6764906772"
2016-10-12,"24,977857","72,5729749700","25,1977485866"
2016-10-13,"82,002278","71,6173659270","29,0821338827"
2016-10-14,"49,982578","61,4953124113","20,3326524493"
2016-10-15,"57,850383","72,4276792864","23,1462225867"
2016-10-16,"68,670727","53,5295614959","22,3884454412"
2016-10-17,"73,960520","64,9756927481","25,0138960593"
2016-10-18,"78,265199","74,4480240313","25,0797376444"
2016-10-19,"77,445916","60,4896611483","27,8335734854"
2016-10-20,"44,251079","54,4682413005","26,3301730559"
2016-10-21,"45,884150","72,5953347457","27,1817929737"
2016-10-22,"76,930402","62,4693199213","24,3064410355"
2016-10-23,"10,162454","55,9794266555","21,8776178167"
2016-10-24,"92,226270","77,8367293207","24,3604184322"
2016-10-25,"98,107081","74,5387150712","22,4820320028"
2016-10-26,"13,581094","65,1209400797",indisponivel
2016-10-27,"96,428067","78,4281054865","24,2656528770"
2016-10-28,indisponivel,"65,0515731428","20,6866952980"
2016-10-29,"26,993322","68,2359916821","25,2363039555"
2016-10-30,"66,481777","54,4216410662","23,3372900910"
2016-10-31,"86,048345","62,7381005505","20,3457871037"
2016-11-01,"73,166073","72,0461071096","20,3201903688"
2016-11-02,"46,289158","74,8917778350","25,3368810478"
2016-11-03,"82,933319","52,9195943367","29,3387258115"
2016-11-04,"65,678525","73,0037065822","23,3137457651"
2016-11-05,"80,566912","73,2115188225","29,3207275498"
2016-11-06,"22,766997","64,0136216614","27,1907026903"
2016-11-07,"93,017920","76,4195820257","20,0761297586"
2016-11-08,"39,095924","75,4442631345","26,6168451241"
2016-11-09,"29,878564","72,0056257443","28,7909403464"
2016-11-10,"44,920732","51,9366865453","27,1033880284"
2016-11-11,"29,242763","56,9510600036","24,9976621454"
2016-11-12,"19,132283","73,0785618559","24,9767421578"
2016-11-13,"58,606641","51,3368024620","22,6815300866"
2016-11-14,"14,515363","65,9221888780","24,7947074916"
2016-11-15,"46,245029","52,7169355209","22,4010984673"
2016-11-16,"15,888063","52,2104860895","28,0783903593"
2016-11-17,"32,108430","52,6754048583","26,4075330765"
2016-11-18,"20,645539","74,6700900809","28,8888417889"
2016-11-19,"72,298507","65,5008997683","28,4660556083"
2016-11-20,"18,978967","65,0016194128","25,3925053694"
2016-11-21,"57,736505","68,5846904243","27,4940245998"
2016-11-22,"22,845412","50,8679682991","21,1229182121"
2016-11-23,"90,294785","65,5894182050","23,0745295716"
2016-11-24,"44,530801","58,9647485867","23,3664477910"
2016-11-25,"13,163628","76,7279104917","20,4849055763"
2016-11-26,"32,487319",indisponivel,"27,9731286728"
2016-11-27,"42,284800","76,0786684479","22,0200466788"
2016-11-28,"62,482411","74,8491004996","24,2351547802"
2016-11-29,"27,574635","65,9363156603","26,1598874530"
2016-11-30,"94,965511","62,1947545303","20,7761118582"
2016-12-01,"293,462217","84,1819054330","27,4567840626"
2016-12-02,"102,032216","77,2589135389","30,0446779432"
2016-12-03,"66,004210","89,2054956360","32,3789048814"
2016-12-04,"137,477910","89,5991142529","35,6796589837"
2016-12-05,"213,216849","94,5894773984","26,1109401657"
2016-12-06,"186,016698","78,7392495593","26,6482729526"
2016-12-07,"206,219533","72,3351224456","31,1910484727"
2016-12-08,"277,687689","88,6117863668","35,1866950677"
2016-12-09,,"64,1304137546","29,7871954533"
2016-12-10,"284,523451","94,5202647473","28,2631659372"
2016-12-11,"228,679785","60,8917393013","29,8170077138"
2016-12-12,"156,382488","85,5854679409","37,7248540957"
2016-12-13,"191,877194","76,7504375910","26,8282171318"
2016-12-14,"197,502892","70,5834834154","35,0832581648"
2016-12-15,"107,850837","93,8079377280","30,0110963867"
2016-12-16,"104,931486","73,0906774642","31,9963207489"
2016-12-17,"195,508885","71,3288460991","27,6359840675"
2016-12-18,"231,560632","78,5924682761","29,3236543595"
2016-12-19,"270,445228","89,9114160885","34,4104793971"
2016-12-20,"72,969338","79,0567570167","28,3919565606"
2016-12-21,"299,650407","93,2442888036","37,5886863112"
2016-12-22,"163,905258","89,5715899553","27,1248866594"
2016-12-23,"226,395868","69,1116459680","37,0022738153"
2016-12-24,"178,228991","87,7363907919","28,9100970773"
2016-12-25,"282,857436","60,6936600868","34,1436466484"
2016-12-26,"90,735925","83,0542358929","31,8531520732"
2016-12-27,"171,609642","70,4577490892","31,4784937515"
2016-12-28,"279,440412","78,9941857854","27,7564630210"
2016-12-29,"241,676163","86,3311676992","36,5324470857"
2016-12-30,"253,278076","67,8621717186","31,1106879857"
2016-12-31,"57,041736","72,9574928497","36,6057013889"
2017-01-01,"274,111380","65,5251037309","26,1170071481"
2017-01-02,"290,143150","77,2287533136","28,0646789843"
2017-01-03,"174,152276","72,0439519611","31,8394855683"
2017-01-04,"88,548388","92,2802149258","33,1103515793"
2017-01-05,"184,485281","83,1521783025","29,2137995226"
2017-01-06,"94,664577","86,2541184896","27,0513836571"
2017-01-07,"149,326979","73,4409373654","31,4618025121"
2017-01-08,"84,620646","63,2120972947","32,8889437559"
2017-01-09,"126,192049","94,8807439301","34,4190912509"
2017-01-10,"254,336735","71,5989083004","29,2768345907"
2017-01-11,"128,935571","93,0142297065","25,0252829775"
2017-01-12,"214,802754","74,3791927394","35,8576170696"
2017-01-13,"77,101036","75,6709740490","30,3526076751"
2017-01-14,"297,506495","94,0499778384","27,9473938686"
2017-01-15,"88,731477","68,5976998282","25,7124060659"
2017-01-16,"132,840802","89,1508008433","37,8816193714"
2017-01-17,"231,574387","89,1149329207","28,5990179562"
2017-01-18,"253,307164","82,5943780577","30,1014415388"
2017-01-19,"175,146889","60,1841758199","32,7339929605"
2017-01-20,"124,863143","82,6362791604","37,4231342783"
2017-01-21,"170,354608","93,2659957417","36,8110572171"
2017-01-22,"176,281048","72,8816622265","35,9673745664"
2017-01-23,"121,482841","92,0912091972","34,0908761241"
2017-01-24,"299,850209","75,8898796290","31,3593431484"
2017-01-25,"83,343737","62,7963875515","29,9501392536"
2017-01-26,"66,265160","85,8050585792","37,6750469691"
2017-01-27,"99,353277","62,0752561496","34,9428203409"
2017-01-28,"272,149507","84,2819109678","32,7334802752"
2017-01-29,"242,382324","74,1439415106","29,6339034798"
2017-01-30,"175,497866","76,0098971172","29,9794850108"
2017-01-31,"244,954995","84,3737480948","33,5248549606"
2017-02-01,"249,225736","77,6634187403","31,7576862224"
2017-02-02,"148,978177","87,4847272406","28,9053241893"
2017-02-03,"114,421479","78,4323892502","27,0265500796"
2017-02-04,"245,036149","85,6934297667","28,3569619262"
2017-02-05,"82,546234","77,5432830776","36,4381753029"
2017-02-06,"296,402134","89,8241622434","33,7287165929"
2017-02-07,"151,421252","89,8365951958","36,2426466175"
2017-02-08,"158,339654",indisponivel,"25,2492745172"
2017-02-09,"250,106610","79,2218682127","36,1391609303"
2017-02-10,"138,100072","68,0237875959","36,6982563915"
2017-02-11,"199,719724","83,4330668906","34,6036460205"
2017-02-12,"134,120912","60,8702032704","29,2297794347"
2017-02-13,"93,775757","82,2404539494","32,5650303619"
2017-02-14,"149,917672","70,4473599145","33,5468396333"
2017-02-15,"83,982315","93,6227271060","25,7627468584"
2017-02-16,"66,189263","66,1741027049","28,5019096702"
2017-02-17,"295,946883","80,8551261858","29,6262711951"
2017-02-18,"74,939789","81,6082048402","28,5200266781"
2017-02-19,"297,552598","92,0144889305","30,8488475922"
2017-02-20,"292,179357","64,3902335792","32,0047051329"
2017-02-21,"210,468573","91,6093895110","35,5815239653"
2017-02-22,"147,605052","67,8130968812","36,4889798333"
2017-02-23,"206,326531","79,0169713823","29,0746606879"
2017-02-24,"90,634602","81,0408831676","30,4883485245"
2017-02-25,"276,274698","71,3755872850","26,1065553489"
2017-02-26,"200,943763","92,9901595208","30,5930252835"
2017-02-27,"84,797127","94,7384455239","32,5261930833"
2017-02-28,"81,021247","63,1113744600","28,6299022165"
2017-03-01,"259,175369","61,2857745897","22,6937928159"
2017-03-02,"165,636623","83,9760852870","24,6670534807"
2017-03-03,"286,361543","78,1506851146","28,0514318598"
2017-03-04,"175,526747","93,0149741845","23,0947482319"
2017-03-05,"212,467346","88,3574849596","26,2756710422"
2017-03-06,"177,880524","93,5317313915","25,8294785671"
2017-03-07,"192,247785","82,5182680133","24,2491046165"
2017-03-08,"197,477858","61,7928330529","28,3608040120"
2017-03-09,"85,398420","79,5038755047","28,7440379006"
2017-03-10,"261,182390","86,9725351588","26,2585520743"
2017-03-11,"169,710505","64,7286295552",indisponivel
2017-03-12,"121,620521","62,2209089286","26,8990684719"
2017-03-13,"155,895063","64,2703793063","22,0183478537"
2017-03-14,"198,051640","94,8641638377","24,2986616315"
2017-03-15,"236,584798","70,4629190501","28,2482251236"
2017-03-16,"114,628637","62,3022754565","24,1739478758"
2017-03-17,"200,896955","68,3176077475","22,7187586533"
2017-03-18,"174,863353","86,0433377332","23,8189071689"
2017-03-19,"86,491548","79,8780880363","20,3198692436"
2017-03-20,"192,486541","62,2416628933","26,1561657352"
2017-03-21,"294,202177","74,1631487689","24,3652490163"
2017-03-22,"179,536808","66,5135531937","21,9690366505"
2017-03-23,"250,580596","84,4470314691","21,9339596070"
2017-03-24,"175,445494","80,5656338786","25,3362180360"
2017-03-25,"52,195105","94,5048665722","20,5636548137"
2017-03-26,"297,139948","64,4649664636","22,0286160163"
2017-03-27,"118,493778","61,4909275186","23,9061033178"
2017-03-28,"156,645529","66,9133868308","23,2996698673"
2017-03-29,"283,812637","93,4446228036","28,2576140507"
2017-03-30,"208,337360","75,6017287748","21,5765402330"
2017-03-31,"279,574517","90,4765463894","26,1892409475"
2017-04-01,"43,681457","51,2124974516","25,0615002615"
2017-04-02,"10,535591","73,2135404572","25,1725689671"
2017-04-03,"48,428320","69,7464867984","27,4188482544"
2017-04-04,"59,075459","70,9235613989","23,4676682128"
2017-04-05,"28,425577","78,7517688539","24,6229986276"
2017-04-06,"42,457296","52,1675928766","26,0134381547"
2017-04-07,"41,633644","73,0134679936","22,0440548770"
2017-04-08,"24,046299","58,1540311180","29,4183522909"
2017-04-09,"39,334564","56,5074290467","27,6371830612"
2017-04-10,"39,418827","77,8935642825","20,7798431435"
2017-04-11,"69,570742","65,3114496662","26,8351458293"
2017-04-12,"44,031966","61,8079056472","25,0225773543"
2017-04-13,"11,445145","63,0955620564","28,7559074525"
2017-04-14,"74,639491","55,7231131420","26,1398712261"
2017-04-15,"48,897751","51,9660680429","24,3264059877"
2017-04-16,"11,837573","67,8322590892","27,7963472224"
2017-04-17,"96,466236","76,8422323229","25,2598084121"
2017-04-18,"66,857889","76,5005416208","29,3761165891"
2017-04-19,"24,614001","61,7165975089","23,5086557438"
2017-04-20,"88,608861","50,4207910172","29,0993957625"
2017-04-21,"71,029163","77,5848778742","28,4830830242"
2017-04-22,"19,925509","66,7680364569","22,3854005589"
2017-04-23,"72,636341","50,2294231738","26,4505673592"
2017-04-24,"52,069542","57,3448418961","27,1213097911"
2017-04-25,"51,224532","52,5188352366","23,7418190331"
2017-04-26,"13,570000","62,4392412355","28,3398717634"
2017-04-27,"51,714752","66,0013942212","20,1179199048"
2017-04-28,"90,957338","59,3062311733","20,5485291527"
2017-04-29,"53,453821","79,5221117910","29,4216848488"
2017-04-30,"84,690734","69,7735077666","23,9963385146"
2017-05-01,"10,185664","70,5263149791","28,6584254433"
2017-05-02,"91,413789","65,5932451731","29,5703994963"
2017-05-03,"24,189626","58,3622354672","28,9152785125"
2017-05-04,"26,709925","75,1864093234","29,2889695377"
2017-05-05,"52,274144","76,6208238860","25,8229684875"
2017-05-06,"59,870947","68,8701902885","25,6797400439"
2017-05-07,"53,241347","67,7019982688","28,9535543546"
2017-05-08,"24,560939","59,8565881745",
2017-05-09,"15,974616","59,5546350423","29,6416170040"
2017-05-10,"80,532405","75,9866504540","24,9747217925"
2017-05-11,"72,144680","79,4839640247","20,3825492582"
2017-05-12,"15,467986","65,7423612228","28,0070407609"
2017-05-13,"44,720368","51,3335634528","25,5488708183"
2017-05-14,"13,234215","53,8459668706","26,1276665304"
2017-05-15,"63,424619","60,2171977685","20,7652429330"
2017-05-16,"87,481138","58,7069610420",
2017-05-17,"31,527168","75,0253064680","22,9993036908"
2017-05-18,"65,029137","68,7748842603","23,6221478933"
2017-05-19,"74,548021","58,7068477405","29,7350502883"
2017-05-20,"70,670280","79,3798377918","20,9581831009"
2017-05-21,"85,465930","62,3618159866","28,8697585718"
2017-05-22,"95,845787","77,2421054244","21,0178168382"
2017-05-23,"73,243346","67,6063359228","27,1687926474"
2017-05-24,"49,115222","59,2444509220","25,8066234237"
2017-05-25,"11,139385","66,1107465472","26,3852740930"
2017-05-26,"41,159885","55,0332500478","22,9001277185"
2017-05-27,"96,627306","68,0671667659","27,3385439311"
2017-05-28,"19,707698","50,7346163916","24,2728420889"
2017-05-29,"23,046582","70,0652638648","22,6713980041"
2017-05-30,"44,447561","77,2920317773","23,1224188730"
2017-05-31,"18,107574","64,9067198899","22,7999243172"
2017-06-01,"12,852642","62,4664720318","22,1850322371"
2017-06-02,"26,078351","57,1831505134","16,6774585201"
2017-06-03,"3,041051","48,1691947532","24,1213148069"
2017-06-04,"43,734854","51,3179729209","14,1930180918"
2017-06-05,"18,501020","43,5893509304","24,9222944317"
2017-06-06,"20,968557","50,2645693071","22,6940677684"
2017-06-07,"11,205097","54,6902713800","23,6017605495"
2017-06-08,"23,788413","63,3079141172","22,9228002265"
2017-06-09,"27,245379","55,5447304896","24,4467934646"
2017-06-10,"22,043100","54,3756836519","16,0312942647"
2017-06-11,"10,991289","47,6630650487","23,5990832386"
2017-06-12,"41,635259","68,4841804089","19,1565704449"
2017-06-13,"1,277551","51,4515396631","18,3931191217"
2017-06-14,"10,163011","57,3010231171","19,3404033130"
2017-06-15,"14,677378","45,2156136078","21,3333259589"
2017-06-16,"1,900216","42,6204666188","21,9670685031"
2017-06-17,"41,710671","61,9800919336","20,9296618908"
2017-06-18,"38,387027","56,5885177314","21,7038734608"
2017-06-19,"45,496305","50,9187828109","19,0451787536"
2017-06-20,"17,935953","59,9999890862","14,6995053487"
2017-06-21,"24,530801","60,8335353860","19,2184712589"
2017-06-22,"1,794134","41,9186843943","23,9615909953"
2017-06-23,"42,946524","69,2017298118","19,5591659201"
2017-06-24,"41,341608","45,0995466724","23,5361161391"
2017-06-25,"3,968112","59,8857382975","21,5315621912"
2017-06-26,"3,003669","53,4617823100","15,0907862444"
2017-06-27,"22,683473","64,5378932490","20,0554033092"
2017-06-28,"15,146860","52,1325942276","14,2990064844"
2017-06-29,"19,581856","58,2642320620","17,6568190334"
2017-06-30,"18,810181","63,8573989349","21,9661122122"
2017-07-01,"29,659583","53,2608610343","15,1599286234"
2017-07-02,"15,684605","68,5646205088","24,2275188574"
2017-07-03,"45,892776","48,7697949375","21,6801452222"
2017-07-04,"46,149446","65,2727605661","14,0291940759"
2017-07-05,"33,689904","64,1180116997","21,8351449120"
2017-07-06,"37,205596","49,4050036715","18,3139417089"
2017-07-07,"19,974237","60,9142547808","24,3332544022"
2017-07-08,"13,162216","62,1263857830","20,3162113503"
2017-07-09,"17,269081","57,5562939908","15,8906571007"
2017-07-10,"26,595201","66,6951737178","14,6712663445"
2017-07-11,"29,105035","69,9335778515","14,9219068855"
2017-07-12,"9,450200","48,0503887317","18,2952513862"
2017-07-13,"34,156842","55,3863495678","17,7644078023"
2017-07-14,"41,612592","63,5723441333","17,2604251428"
2017-07-15,"46,206791","56,2161764526","22,1290534407"
2017-07-16,"37,200750","56,9325447074","15,4698243527"
2017-07-17,"30,704317","40,3285689056","19,5588536484"
2017-07-18,"5,345370","69,0637963070","14,9048131071"
2017-07-19,"36,225514","55,8531771020","15,4255677648"
2017-07-20,"9,873172","58,3753011339","23,2083511617"
2017-07-21,"31,103237","69,7656430787",indisponivel
2017-07-22,"24,862051","66,8610273431","21,6663251288"
2017-07-23,"41,603375","52,5436506808","19,5796635230"
2017-07-24,"32,210538","63,6750805272","22,4485232733"
2017-07-25,"32,990509","55,6162495791","16,1427146942"
2017-07-26,"27,531145","47,7221057474","21,1683620735"
2017-07-27,"42,676558","56,1932014136","21,3693679072"
2017-07-28,"42,348108","49,3507295521","20,1293413246"
2017-07-29,"34,275741","63,0623539183","24,4580625030"
2017-07-30,"15,323094","48,6950319304","24,5237175098"
2017-07-31,"41,196056","55,2091075037","16,0120239656"
2017-08-01,"38,630092","50,7946957134","14,1502363760"
2017-08-02,"32,808298","41,3447379940","15,0371724952"
2017-08-03,"13,767324","68,7322795741","23,6964120889"
2017-08-04,"10,282033","57,9103642042","14,4875773748"
2017-08-05,"34,832494","40,0637032019","21,8722449154"
2017-08-06,"31,841593","58,3834097379","14,9112277057"
2017-08-07,"36,458813","51,7180621296","19,7587742521"
2017-08-08,"32,473608","55,9352348390","17,4406563720"
2017-08-09,"1,196740","63,1312286892","23,7317676112"
2017-08-10,"36,347487","58,5064087619","21,4520619608"
2017-08-11,"34,626146","47,2531164722","16,3675640529"
2017-08-12,"10,961498","55,9077750926","19,3265128499"
2017-08-13,"36,457275","44,8546416228","14,4296272292"
2017-08-14,"9,008095","69,6179931875","14,9676465499"
2017-08-15,"41,514298","44,2910297256","20,2939479168"
2017-08-16,"22,741270","44,4615883566","14,7942347709"
2017-08-17,"49,703619","57,1792425265","17,4618839520"
2017-08-18,"8,406053","60,6781276177","22,9325634014"
2017-08-19,"27,773777","42,9903241814","14,7361967798"
2017-08-20,"9,507962","42,4750364938","18,3929524751"
2017-08-21,"5,431826","51,0879033460","20,7247100915"
2017-08-22,"1,939118","44,7533838474","15,0052813756"
2017-08-23,"30,273722","60,1855816423","18,1739500617"
2017-08-24,"2,426512","41,9366569391","22,8784383713"
2017-08-25,"10,699541","63,0931639142","17,0145794290"
2017-08-26,"6,391608","46,8362294051","21,7824877536"
2017-08-27,"19,313592","50,5857670556",
2017-08-28,"9,808038","52,7683870887","21,4252649406"
2017-08-29,"36,448694","58,6893797589","17,1768822525"
2017-08-30,"9,011261","42,6233380199","24,6327529278"
2017-08-31,"49,834135","51,3792069793","22,7186774751"
2017-09-01,"17,130613","45,9867684862","26,9525043406"
2017-09-02,"33,636747","64,5948172283","27,5579737677"
2017-09-03,"4,923744","41,0981550345","20,3167943946"
2017-09-04,"49,664846","43,6812448801","23,0912345781"
2017-09-05,"33,558283","68,1847072991","25,3955391800"
2017-09-06,"44,841724","49,1461247802","23,0974797662"
2017-09-07,"44,559641","52,5796459297","20,4373245393"
2017-09-08,"17,524939","69,6580097588","26,4792568165"
2017-09-09,"45,118296","65,1777152237","24,8856403083"
2017-09-10,"29,497040","64,6128648451","28,3757186324"
2017-09-11,"7,869631",,"28,4531221231"
2017-09-12,"6,093166","59,8811764144","22,8470867401"
2017-09-13,"33,103194","50,3877014964","27,6626428630"
2017-09-14,"19,937488","56,9502715184","28,5724682076"
2017-09-15,"40,553727","60,2654845978","20,6669264960"
2017-09-16,"15,860195","56,1443195653","27,0321517393"
2017-09-17,"20,339946","61,3099659334","20,3010320042"
2017-09-18,"29,614100","42,0257072441","25,7496383765"
2017-09-19,"3,075485","45,7782782932","21,7179489608"
2017-09-20,"42,576854","68,7870627872","27,2348666850"
2017-09-21,"18,746978","59,1771954566","29,1253084746"
2017-09-22,"7,543028","44,6371056450","21,7594700616"
2017-09-23,,"47,8532902699","28,9191982519"
2017-09-24,"16,386744","56,4252853760","29,2126397056"
2017-09-25,"41,572962","64,4781344605","21,4628150889"
2017-09-26,"12,587476","46,8831356366","23,1394931074"
2017-09-27,"1,308263","62,7222429046","25,2515422425"
2017-09-28,"20,908801","55,5597679256","27,9569091176"
2017-09-29,"49,698522","59,2368869642","26,4640020381"
2017-09-30,"41,467999","49,2969118244","27,8421278988"
2017-10-01,"39,836916","63,9646930447","21,6695935056"
2017-10-02,"26,364698","79,2266186802","22,3871796523"
2017-10-03,"90,898706","60,5671425116","23,8200021414"
2017-10-04,"44,059880","52,0393832819","27,2885584322"
2017-10-05,"63,121852","56,3769267536","24,3772267531"
2017-10-06,"41,987659","66,1239281018","26,8761241208"
2017-10-07,"95,939368","78,4047156438","24,9201843704"
2017-10-08,"81,799764","69,0760988449","20,8240526518"
2017-10-09,"76,875454","73,2186387492","27,9437564757"
2017-10-10,"32,088338","70,6891546543","21,0401349494"
2017-10-11,"77,621557","77,7660679820","26,8635345653"
2017-10-12,"21,992930","74,5369882826","26,7003613746"
2017-10-13,"60,889901","58,0645783401","26,1145374437"
2017-10-14,"14,502736","57,7319978338","22,2732245929"
2017-10-15,"30,418996","67,5583997750","23,2821492943"
2017-10-16,"92,518168","76,7917760819","28,9815567497"
2017-10-17,"42,931188","72,9656898688","27,1855523033"
2017-10-18,"11,367059","68,4146190349","29,1037014866"
2017-10-19,"23,859450","61,0752815089","29,5481910468"
2017-10-20,"51,604737","60,6147128531","20,0579099598"
2017-10-21,"20,018891","66,3372626761","27,2920708900"
2017-10-22,"12,768787","52,8784883555","23,9446668847"
2017-10-23,"10,781534","61,9888818259","23,5141746796"
2017-10-24,indisponivel,"50,6124996458","26,8111439485"
2017-10-25,"22,026223","58,0099888292","22,4349967999"
2017-10-26,"24,777725","71,1997494713","21,8690768236"
2017-10-27,"78,916467","79,3745191310","24,7009064320"
2017-10-28,"67,510733","78,3189755627","29,8441515574"
2017-10-29,"38,152667","51,0732118732","20,0567761798"
2017-10-30,"88,719239","53,2877477234","26,6122537003"
2017-10-31,"91,623584","68,0513935273","26,6754808246"
2017-11-01,"32,622068","52,3426145951","28,3293570104"
2017-11-02,"60,945515","55,4676941431","27,4729135724"
2017-11-03,"18,227072","52,3359703256","26,0001491891"
2017-11-04,"61,389813","65,8127935809","26,0394041673"
2017-11-05,"23,636375","73,7466457976","29,0978377795"
2017-11-06,"45,838504","73,8637378025","23,1907403106"
2017-11-07,"16,153045","63,6956557928","29,5105255263"
2017-11-08,"86,662692","73,6043001015","25,3628337411"
2017-11-09,"52,899637","56,4553708213","24,9856813364"
2017-11-10,"33,941693","71,6408188945","29,0306213906"
2017-11-11,"20,610136","74,5097728887","25,8467836629"
2017-11-12,"68,108394","55,2416111098","22,6694442751"
2017-11-13,"52,751952","51,3455234330","26,4203037969"
2017-11-14,"43,481796","67,9393579459","20,4311005302"
2017-11-15,"52,601899","55,9062303908","20,3098299098"
2017-11-16,"62,623766","62,2137919086","25,7375977051"
2017-11-17,"53,272153","69,9868747245","27,9217575958"
2017-11-18,"54,512580","60,7238619428","21,2448552049"
2017-11-19,"73,343320","78,5382019395","21,6786009678"
2017-11-20,"43,026325","66,6245106105","20,7244188990"
2017-11-21,"51,536503","73,7707850630","21,8919293218"
2017-11-22,"93,861876","56,3859531221","26,9111017275"
2017-11-23,"83,495393","71,3083141541","28,5340232576"
2017-11-24,"29,719316","69,6439980502","29,7365735384"
2017-11-25,"42,890869","69,3024923506","20,5650520888"
2017-11-26,"47,945541","72,5108761809","23,2649747603"
2017-11-27,"98,876375","54,6562449142","22,0275084584"
2017-11-28,"53,472428","77,3874309359","20,7107608123"
2017-11-29,"33,671304","68,4628608635","27,6929823075"
2017-11-30,"20,799569","76,3935665184","26,3795607874"
2017-12-01,"230,619363","67,8379024097","29,4273959101"
2017-12-02,"103,071465","77,0247013655","28,7488762746"
2017-12-03,"61,425654","82,3369597944","36,3419889598"
2017-12-04,"152,141414","69,8888242080","31,8948792335"
2017-12-05,"258,212212","61,3140077131","27,0889448769"
2017-12-06,"73,322588","81,8417256168","32,3071107566"
2017-12-07,"66,434393","61,8293266899","28,4728958245"
2017-12-08,"75,964763","78,0838289756","26,7547764460"
2017-12-09,"138,958750","74,7489224563","31,5760337455"
2017-12-10,"292,995443","71,5940809824","32,9069263312"
2017-12-11,"140,319989","92,7054734226","30,7253136448"
2017-12-12,"157,129862","66,7496104343","28,8952903411"
2017-12-13,"203,673226","65,8086210501","37,6388508421"
2017-12-14,"238,644987","60,9991293161","28,0323808062"
2017-12-15,"208,213850","92,6142291447","32,1538929084"
2017-12-16,"186,108498","88,0567941104","29,1653505395"
2017-12-17,"299,675239","88,9161069766","30,8006805629"
2017-12-18,"242,635823","60,7875621229","35,3136026667"
2017-12-19,"272,095488","78,9119770021","27,8159950473"
2017-12-20,"65,770541","91,5215418730","37,3273515506"
2017-12-21,"109,576762","90,9242061350","34,7760278068"
2017-12-22,"170,526885","88,7872041124","32,0262776486"
2017-12-23,"122,099977","92,6765327268","36,3649269367"
2017-12-24,"60,262125","94,1589129195","27,6230932439"
2017-12-25,"206,401782","83,2858034184","37,8694184574"
2017-12-26,"75,604740","83,4825361356","26,2464184657"
2017-12-27,"97,911022","67,4347343330","29,2829855404"
2017-12-28,"120,264374","82,3632894291","30,1824705162"
2017-12-29,"146,239210","72,3773133736","27,3088488529"
2017-12-30,"65,264785","60,1912361979","28,5150224785"
2017-12-31,"192,481973","89,9360429396","28,1137267436"
2018-01-01,"71,143608","71,1416300098","26,6196716054"
2018-01-02,"84,910087","78,7507163854","37,2970635572"
2018-01-03,"199,357658","93,7847147312","25,0408943828"
2018-01-04,"66,548498","87,6777349480","33,8102324541"
2018-01-05,"268,690670","65,7350087313","32,0188435553"
2018-01-06,"201,503742","67,6296202059","36,7606670900"
2018-01-07,"202,165329","72,8439018910","26,5008583502"
2018-01-08,"165,140829","76,8201237042","32,0041596501"
2018-01-09,"157,331212","64,3277773817","37,3070237923"
2018-01-10,"166,908988","93,3120056806","30,2412182578"
2018-01-11,"233,900185","71,1616969547","25,4173647614"
2018-01-12,"146,169075","94,8361065128","26,2532170844"
2018-01-13,"60,352342","88,4026382575",indisponivel
2018-01-14,"284,194120","76,5530444930","28,0434639943"
2018-01-15,"61,631310","94,4999129194","26,7890366724"
2018-01-16,"252,816356","73,6222223338","35,6436492095"
2018-01-17,indisponivel,"83,6695523186","36,4902350538"
2018-01-18,"135,718062","90,3896475488","25,6800385768"
2018-01-19,"261,616962","83,6839218686","25,7373178145"
2018-01-20,"102,602933","77,3490293709","25,5734403133"
2018-01-21,"176,396873","87,0651879564","32,4225986537"
2018-01-22,"184,544253","84,4291326591","34,2359907266"
2018-01-23,,"87,1855933269",indisponivel
2018-01-24,"229,730303","94,4779508981","31,0539282139"
2018-01-25,"177,002654","72,0308134435","33,9197625948"
2018-01-26,"191,530807","72,7425321643","29,0064747685"
2018-01-27,"78,521942","85,1297231517","30,6320776976"
2018-01-28,"115,488372","68,9585535254","36,4326661398"
2018-01-29,"231,519976","66,9907915481","36,6589589080"
2018-01-30,"246,398169","84,9910329190","37,6160260438"
2018-01-31,"74,884285","91,7518109002","30,6575071744"
2018-02-01,"151,697195","71,7822741638","26,3218140197"
2018-02-02,"244,251391","86,7047296722","25,2511110769"
2018-02-03,"256,819640","83,5357205290","26,3311262310"
2018-02-04,"271,197432","82,9610378527","31,9164249475"
2018-02-05,"244,241405","86,8294202303","31,0047224078"
2018-02-06,"99,625199","63,2226184800","37,5913685753"
2018-02-07,"235,669901","66,5440819347","37,6027743337"
2018-02-08,"213,309050","68,0038672934","27,9417463310"
2018-02-09,"73,166428","82,8403464725","33,6191406096"
2018-02-10,"220,733894","86,8180531535","29,7869107341"
2018-02-11,"251,810977","62,4242218469","31,8479640119"
2018-02-12,"239,601715","93,4771849337","28,9252144083"
2018-02-13,"236,571344","78,0815526834","26,9564643004"
2018-02-14,"51,348295","61,6129601400","25,0288419039"
2018-02-15,"186,740263","93,1005215239","37,4006810840"
2018-02-16,"264,446632","76,4782991828","35,0931162659"
2018-02-17,"205,244563","70,0837381285","25,8064086350"
2018-02-18,"95,596374","85,2446148621","26,0693552010"
2018-02-19,"132,965351","66,3229416006","32,4375461438"
2018-02-20,"183,102692","78,5265080752","25,6941594342"
2018-02-21,"173,131016","75,9953200074","29,4905971421"
2018-02-22,"168,128661","73,7072797592","28,5274641968"
2018-02-23,"262,765295","69,1150684374","29,8076372434"
2018-02-24,"240,270286","65,3155453091","27,0909790612"
2018-02-25,"65,263367","81,4545543717","35,3969517658"
2018-02-26,"131,724778","78,9544985815","27,0680015367"
2018-02-27,"256,596792","84,5773696423","35,9803951476"
2018-02-28,"254,013262","83,4064538159","29,1181220063"
2018-03-01,"219,369593","94,2986700263","28,4342178362"
2018-03-02,"203,747691","69,8802114131","22,5198773780"
2018-03-03,"70,172759","62,8027264203","25,1310521727"
2018-03-04,"220,451914","90,2283290927","23,0796827611"
2018-03-05,"68,208924","93,4991766621","23,5678549017"
2018-03-06,"202,165285","62,8189839281","27,9886328489"
2018-03-07,"126,422956","62,7434810622","24,1677345607"
2018-03-08,"117,041598","92,0239307562","23,0343833918"
2018-03-09,"228,327899","62,9932276193","22,6263756318"
2018-03-10,"292,564376","60,2387178879","28,5616749520"
2018-03-11,indisponivel,"80,3218872903","26,7159430876"
2018-03-12,"245,465471","68,9908525580","29,2197318449"
2018-03-13,"240,820642","94,6873249107","27,7518897287"
2018-03-14,"289,998849","75,5557841128","27,6740767938"
2018-03-15,"290,096401","73,0186895109","20,6018033234"
2018-03-16,"269,631377","94,6826905183","25,7329014879"
2018-03-17,"196,029898","65,7399074108","28,5787437360"
2018-03-18,"180,677063","72,9744273467","23,1097018283"
2018-03-19,"203,680063","62,3396583159","25,2084188288"
2018-03-20,"181,300161","82,2475965611","28,0732406346"
2018-03-21,"270,785525","74,5107839649","29,7465384732"
2018-03-22,"89,251273","91,6003404075","27,9606274937"
2018-03-23,"55,666870","85,3263477492","29,3293534535"
2018-03-24,"293,717914","88,9769295144","24,8266013524"
2018-03-25,"57,714793","81,7618702676","23,4614495004"
2018-03-26,"128,331497","93,4031354342","29,3809891817"
2018-03-27,"63,384377","67,6563443227","25,4839703489"
2018-03-28,"256,419742","66,1994672567","24,4838941169"
2018-03-29,"235,286665","69,4853524004","21,2357042830"
2018-03-30,"119,060607","84,1590031480","23,1839266231"
2018-03-31,"75,324655","91,3701562549","21,1893363296"
2018-04-01,"57,088500","71,2799904969","23,1830887006"
2018-04-02,"57,516053","61,1135070537","28,6455123354"
2018-04-03,"80,883374","61,3637787369","26,7639414987"
2018-04-04,"43,729920","66,4468698187","22,2193188145"
2018-04-05,"91,156001","79,1625313488","28,1924187740"
2018-04-06,"48,020007","61,1506880485","25,6137232591"
2018-04-07,,"77,1172831313","28,4167530308"
2018-04-08,"12,286673","73,4161594283","25,2169008179"
2018-04-09,"50,986479","76,8488108766","28,7533499964"
2018-04-10,"28,320042","78,2775985694","23,4288612974"
2018-04-11,"90,342056","51,9243631849","27,7024026837"
2018-04-12,"43,382211","75,0754386146","28,0360483787"
2018-04-13,"23,678638","56,4325638218","24,0145557752"
2018-04-14,"40,311061","61,3815004249","24,4201680268"
2018-04-15,"10,385076","62,1499917737","21,7680705769"
2018-04-16,"60,521417","77,8480662899","25,7203550068"
2018-04-17,"98,378450","51,3128714675","20,0193781637"
2018-04-18,"62,139467","70,2392030247","25,4155848648"
2018-04-19,"41,943462","69,8531134192","23,0358571860"
2018-04-20,"94,544958","72,8203088143","22,9156944723"
2018-04-21,"99,111841","61,5559382759","27,4603735454"
2018-04-22,"40,325778","57,1328068456","24,4220678724"
2018-04-23,"96,927254","77,8579658394","20,6889888110"
2018-04-24,"42,794905","76,3334534946","24,2897397996"
2018-04-25,"16,243119","73,3218392998","20,9612518066"
2018-04-26,"46,164783","70,1304246536","26,6824474801"
2018-04-27,"96,335727","78,8972176995","24,9384931009"
2018-04-28,"34,204052","50,5538139838","23,5364016809"
2018-04-29,"23,352078","57,8285627392","27,3014439805"
2018-04-30,"81,121216","52,6757623890","27,6760295151"
2018-05-01,"52,162206","55,5009008562","20,5657533262"
2018-05-02,"50,462254","61,7378718820","23,2709831010"
2018-05-03,"63,180826","78,7482160478","23,8518109605"
2018-05-04,"26,220114","70,1961050117","21,1212795838"
2018-05-05,"99,068370","76,7329899359","26,4151068057"
2018-05-06,"97,801853","51,1321747981","28,8655004850"
2018-05-07,"33,155772","72,5422780112","23,4376847140"
2018-05-08,"40,584861","67,3323689356","24,8657289987"
2018-05-09,"49,035249","65,8249200061","22,8440390289"
2018-05-10,"35,203832","54,9976532767","27,0335347062"
2018-05-11,"96,367061","73,7318069670","23,6867766576"
2018-05-12,"69,467773","74,6832174763","22,8425970840"
2018-05-13,"75,679777","52,0243720063","27,8747791256"
2018-05-14,"19,085104","57,3855731757","27,9490429534"
2018-05-15,"49,748888","75,4727249006","27,3056495343"
2018-05-16,"53,708287","76,0156213042","20,1661603065"
2018-05-17,"35,487724","70,7911914267","25,5806240675"
2018-05-18,"90,393078","56,1660832736","25,6406387256"
2018-05-19,"14,641919","75,2670842492","24,8137962625"
2018-05-20,"89,659914","71,7549916856","27,3929212574"
2018-05-21,"86,567115","63,6657499025","24,1379329717"
2018-05-22,"37,511598",indisponivel,"28,9390378479"
2018-05-23,"96,609965","68,4851845859","26,0843247332"
2018-05-24,"87,997676","78,3490516139","29,4749518376"
2018-05-25,"22,357989","53,4617817766","23,7110674236"
2018-05-26,"91,652365","56,7796386266","23,7522633078"
2018-05-27,"32,523847","53,0568333498","20,4939892190"
2018-05-28,"27,479439","53,3937437037","25,9899056475"
2018-05-29,"94,898473","63,2191136832","23,1684904565"
2018-05-30,"13,013447","79,8726003784","27,9603115443"
2018-05-31,"43,487004","50,6765393719","29,9316012251"
2018-06-01,"2,218727","63,3552887789","15,1606018157"
2018-06-02,"32,276017","69,3040934916","20,5392620033"
2018-06-03,"3,050731","55,9371928495","16,9919455738"
2018-06-04,"5,021864","60,0436354707","15,4511352866"
2018-06-05,"21,036176","50,7820836503","18,8856114449"
2018-06-06,"12,955111","55,7453382362","18,0774510362"
2018-06-07,"44,129453","66,8678745171","18,9481111350"
2018-06-08,"23,026469","64,0143309150","14,9782053372"
2018-06-09,"1,223947","43,6044445922","19,7629002002"
2018-06-10,"15,277725","48,6173264880","21,0766858851"
2018-06-11,"39,243407","60,1084597147","22,5978944198"
2018-06-12,"41,168608","60,5882356059","14,9122362002"
2018-06-13,"4,135370","52,1506291829","23,7718153992"
2018-06-14,"4,712461","49,2989155931","18,6066678198"
2018-06-15,"44,587319","64,7627434243","20,4449246123"
2018-06-16,"2,420300","46,1951090185","21,0787405469"
2018-06-17,"23,945227","45,6556576325","17,3106452727"
2018-06-18,"1,584492","52,1525485540","19,4389393567"
2018-06-19,"17,798803","64,9925424564","24,8934045017"
2018-06-20,"41,989894","42,4679748144","23,4591034733"
2018-06-21,"25,724423","62,5676827005","15,6233235344"
2018-06-22,"45,784321","52,4142425748","21,0457643250"
2018-06-23,"22,977596","63,2670875556","14,4890981784"
2018-06-24,"10,923990","49,1188449123","21,5892987240"
2018-06-25,"17,702977","64,8889255603","18,7010367525"
2018-06-26,"25,247682","57,3878896063","15,4748459400"
2018-06-27,"26,710317","58,3537611995","19,7541063420"
2018-06-28,"33,085430","54,9638547267","22,1562887717"
2018-06-29,"16,643474","62,2779905693","19,8024184353"
2018-06-30,"2,032730","68,4193744202","18,2804142538"
2018-07-01,"17,785469","64,1979556479","18,2424488506"
2018-07-02,"13,678621","69,2175145611","24,3852587345"
2018-07-03,"8,426944","55,1818216313","18,7640456336"
2018-07-04,"43,449189","65,3919085866","20,9952663753"
2018-07-05,"36,511213","68,1264722305","14,9449549725"
2018-07-06,"15,351107","65,4049987156","15,2420620740"
2018-07-07,"11,820251","52,7696453520","22,9251366198"
2018-07-08,"36,570537","59,3725944752","14,2224936226"
2018-07-09,"43,872555","59,0477748632","21,6509636112"
2018-07-10,"9,557038","57,5835422770","21,8921314709"
2018-07-11,"12,916199","46,5720228096","17,0090147834"
2018-07-12,"40,129350","64,0800955069","20,6828533878"
2018-07-13,"5,087876","61,9383123215","16,8900609366"
2018-07-14,"49,676716","41,4417977905","18,3464887927"
2018-07-15,"45,950180","63,2992938933","20,6881323608"
2018-07-16,"29,549874","68,4943913303","19,6615356966"
2018-07-17,"45,402728","69,1514291231","15,6453448536"
2018-07-18,"42,913097","57,0478950410","24,7041023403"
2018-07-19,"22,038624","46,8795560696","21,4489411334"
2018-07-20,"14,387008","62,2417898213","22,0851358996"
2018-07-21,"24,991881","55,4974021808","20,5484959261"
2018-07-22,"3,039634","41,1647465933","19,4858265203"
2018-07-23,"46,706474","60,0247213064","18,8414486363"
2018-07-24,"34,823607","66,0974174124","23,2754666068"
2018-07-25,"45,203477","67,3400393978","17,8683725654"
2018-07-26,"12,634530","45,1559555615","14,5851837838"
2018-07-27,"19,210659","60,7826093905","18,5508053021"
2018-07-28,"17,045261","56,7190038140","21,7338442846"
2018-07-29,"4,397514","58,6091700553","16,0501136080"
2018-07-30,"3,430094","61,1675671583","21,5639194941"
2018-07-31,"6,981332","53,6225506707","17,3175416478"
2018-08-01,"43,287852","65,7255946416","20,5808901775"
2018-08-02,"15,705171","41,0383494273","16,0653005952"
2018-08-03,"18,948538","51,7962277152","22,6310378132"
2018-08-04,"41,763740","61,4863680420","16,9247442566"
2018-08-05,"12,106813","40,1614414474","15,0077663937"
2018-08-06,"40,385861","52,1868090655","19,3707307215"
2018-08-07,"20,670357","67,7849376411","14,0544774782"
2018-08-08,"44,439910","44,9430550774","16,4093719120"
2018-08-09,"4,807280","51,6849727225","15,1330872170"
2018-08-10,"10,669830","58,4966563499","16,8525114529"
2018-08-11,"40,359821","44,0331177708","24,0264055182"
2018-08-12,"37,176002","67,0537959057","22,4952974615"
2018-08-13,"46,195972","66,6530391272","16,0495242240"
2018-08-14,"32,341346","41,9900974082","18,5579648173"
2018-08-15,"22,810578","59,0173155937","16,3623592419"
2018-08-16,"41,957496","61,2522892356","20,6281052962"
2018-08-17,"6,544281","52,3131416328","18,9296610657"
2018-08-18,"47,291965","61,3940713230","18,0532933266"
2018-08-19,"3,747940","53,4468500198","20,9799965437"
2018-08-20,"46,743694","58,8477738964","23,5823489476"
2018-08-21,"1,557616","48,3135995829","21,1172921378"
2018-08-22,"49,069616","61,0873664088","22,6478591481"
2018-08-23,"32,060092","45,0174135845","20,3223127784"
2018-08-24,"18,271470","47,2255019043","17,4092556866"
2018-08-25,"48,598855","52,3569076963","19,0512926439"
2018-08-26,"12,826035","45,3218809052","24,3455433438"
2018-08-27,"41,815978","59,7102915076","15,2401518373"
2018-08-28,"24,865413","40,7863876167","17,0651676173"
2018-08-29,"38,358961","45,0853487208","24,8290660830"
2018-08-30,"23,661690","56,5416304741","23,9811001086"
2018-08-31,"13,365488","52,0518596373","16,8969877718"
2018-09-01,"42,418785","64,1193255767","27,8065569408"
2018-09-02,"10,291844","68,7915590698","24,5104793854"
2018-09-03,"20,148102","53,9685996888","23,7850811809"
2018-09-04,"12,962258","60,2624325671","25,8598431820"
2018-09-05,"0,812694","44,3712118724","27,8075069579"
2018-09-06,"5,099289","59,3594447963","28,4991342554"
2018-09-07,"31,064363","54,4320728708","29,0844339668"
2018-09-08,"21,973055","49,7734937254","21,9994550174"
2018-09-09,"33,254980","53,4774086844","20,9121442854"
2018-09-10,"33,153575","53,1127206110","26,1880886973"
2018-09-11,"27,892137","43,9450504087","25,5474150531"
2018-09-12,"2,778198",indisponivel,"26,6671597204"
2018-09-13,"6,716496","49,2430530762","27,1293889219"
2018-09-14,"41,383679","50,7578278138","24,4165710034"
2018-09-15,"17,931154","48,3669351717","28,1024418729"
2018-09-16,"39,004026","51,4762811301","23,8846209848"
2018-09-17,"45,371779","44,9987456253","21,2895846618"
2018-09-18,"46,010955","68,2869990268","23,0699188973"
2018-09-19,"2,346376","56,4972977878","24,3419519622"
2018-09-20,"26,200142","63,2281912485","23,8971924576"
2018-09-21,"30,869459","49,2018684208","27,7576401387"
2018-09-22,"42,720996",indisponivel,"26,2057267478"
2018-09-23,"25,614848",indisponivel,"26,6277696541"
2018-09-24,"12,985144","50,2303251439","25,7188099994"
2018-09-25,"41,662508","58,6655501763","21,9006998505"
2018-09-26,"22,619800","67,4617084129","22,9714955081"
2018-09-27,"20,597550","48,7068764406","28,0261428585"
2018-09-28,"42,722600","63,7641516393","22,1168601006"
2018-09-29,"24,573553","41,2199253396","29,2806740475"
2018-09-30,"26,851142","57,1812100855","20,3896032100"
2018-10-01,"12,103105","60,9218441639","29,1052454121"
2018-10-02,"83,828956","56,9356931212","29,3067145691"
2018-10-03,"55,596168","51,4642837047","22,5155548788"
2018-10-04,"70,466041","51,1338152192","25,1334101003"
2018-10-05,"79,487520","71,9168841149","29,3174404113"
2018-10-06,"91,870095","54,1287964278","27,4231239428"
2018-10-07,"16,531755","76,9550041739","28,6727649442"
2018-10-08,"12,961236","55,4410817032","26,1775644963"
2018-10-09,"32,973127","68,2327575451","23,5789834275"
2018-10-10,"56,311253","53,0162833153","27,5114779978"
2018-10-11,"32,870770","63,2855697447","29,8026905587"
2018-10-12,"66,940640","77,7011506159","21,5480076861"
2018-10-13,"52,543227","60,8436111936","27,4847445328"
2018-10-14,"64,817274","65,1322296682","24,9531785250"
2018-10-15,"32,556136","72,4131125440","24,9330478201"
2018-10-16,"87,743044","54,5968466055","22,0716445550"
2018-10-17,"30,703842","65,6283709809","27,6982249905"
2018-10-18,"68,563701","62,8403530159","26,0103547866"
2018-10-19,"91,339521","68,0061555357","24,4777906407"
2018-10-20,"43,803418","76,2125540567","27,1341918037"
2018-10-21,"67,644257","66,0159152050","25,4966614778"
2018-10-22,"16,721749","70,7245957307","27,0792219081"
2018-10-23,"10,056221","60,3251911542","22,3874357382"
2018-10-24,"91,114554","55,8862372259","22,2421697612"
2018-10-25,"90,488032","72,7326049131","26,5492606941"
2018-10-26,"25,125208","78,7173412562","22,5453934619"
2018-10-27,"42,052593","54,5569091665","26,5930494339"
2018-10-28,"68,769064","53,7914485298","25,4922489477"
2018-10-29,"93,598620","69,2590937152","29,0909334241"
2018-10-30,"46,538292","55,3957124631","22,9418004417"
2018-10-31,"58,162990","72,7206990470","27,6460107513"
2018-11-01,"58,007295","64,6676033468","21,1541937639"
2018-11-02,"74,756059","70,9464693101","24,8214826803"
2018-11-03,"19,116996","66,1702332582","27,0941634459"
2018-11-04,"27,630375","50,3133408444","29,1272822286"
2018-11-05,"52,510001","64,7554151012","22,7837338407"
2018-11-06,"39,046225","77,5612597702","28,6524525750"
2018-11-07,"55,554150","53,8250564045","20,7712645466"
2018-11-08,"55,437874","67,6546649512","26,1357971594"
2018-11-09,"19,066446","59,0264234815","27,1471127792"
2018-11-10,,"68,8128459815","20,7311432109"
2018-11-11,"92,159172","55,8491171255","24,1230568598"
2018-11-12,"92,341045","72,4662808363","24,8546276151"
2018-11-13,"30,391410","51,6860917429","22,6886469121"
2018-11-14,"24,337309","70,3143989590","26,5870484498"
2018-11-15,"20,936705","75,3698325120","26,5224352737"
2018-11-16,"39,185965","55,0854623383","25,8286895610"
2018-11-17,"17,395201","79,4662687688","22,4530812727"
2018-11-18,"96,705215","60,3494515811","25,2392132012"
2018-11-19,"55,765490","67,3240825046","23,7005942111"
2018-11-20,"25,594062","67,7058820551","23,2063108053"
2018-11-21,"41,126073","55,2910167256","23,3824908036"
2018-11-22,"40,403577","67,6590732802","24,3856608438"
2018-11-23,"45,814876","75,9187222725","26,1793431756"
2018-11-24,"61,421853","72,1640109273","27,6871278933"
2018-11-25,"12,234931","72,3618610979","27,5137380569"
2018-11-26,"57,919988","69,8863416377","25,0929446290"
2018-11-27,"50,031429","75,4928087601",
2018-11-28,"97,764765","73,4763705526","22,5960204817"
2018-11-29,"24,711020","66,8215840416","27,7841636270"
2018-11-30,"69,157013","61,4229547407","26,7696310970"
2018-12-01,"128,422867","80,6735811990","29,8483671670"
2018-12-02,"124,107429","83,8719425979","29,5142211012"
2018-12-03,"75,826010","80,8841379736","27,9104883485"
2018-12-04,"206,104740","91,7896212849","26,2273547685"
2018-12-05,"104,719163","85,6125029345","30,0072927017"
2018-12-06,"140,424648","77,9662920118","25,2535526639"
2018-12-07,"80,318453","85,9486318675","36,1703748868"
2018-12-08,"284,117838","74,8874091448","36,8087687555"
2018-12-09,"238,734118","88,5308531193",
2018-12-10,"76,377665","60,4116599882","32,5012181037"
2018-12-11,"64,686167","85,9395123617","25,5519419212"
2018-12-12,"169,580262","88,8518503180",indisponivel
2018-12-13,"268,423829","65,9124914468","25,7432780014"
2018-12-14,"194,605708","94,4981785655","28,6810947005"
2018-12-15,"241,301795","64,9077920923","36,8756299903"
2018-12-16,"108,202896","89,1826811984","29,5997299080"
2018-12-17,"202,369805","71,5599624198","28,7648095504"
2018-12-18,"80,755894","89,3928759118","25,4365985760"
2018-12-19,"158,358214","87,8287324810","27,2667331558"
2018-12-20,"197,659754","79,4220084414","29,2377093942"
2018-12-21,"143,241719","82,3000689698","29,7331196280"
2018-12-22,"229,044361","72,5637139733","27,1052244481"
2018-12-23,"295,623417","64,7204520298","35,7618466668"
2018-12-24,"95,297345","81,0582842331","36,9231766786"
2018-12-25,"222,537125","73,5666035484","27,2924218703"
2018-12-26,"286,646067","68,6371279632","27,5778487138"
2018-12-27,"139,576531","79,1126398674","28,3050050265"
2018-12-28,"256,740291","85,6307687896","31,7626868372"
2018-12-29,"298,682722","72,6852721228","27,6759264322"
2018-12-30,"251,930670","83,2695805197","32,3876919255"
2018-12-31,"232,707496","78,4992012673","29,1816394968"
2019-01-01,"54,220103","61,3088038642","25,1924816117"
2019-01-02,"282,895148","81,4262846212","30,6571793317"
2019-01-03,"259,158380","94,2740293295","36,5816909319"
2019-01-04,"135,573728","64,4387327766","33,9728648831"
2019-01-05,"114,114509","93,7411055961","29,3687922538"
2019-01-06,"116,995894","69,8166570021","28,6331983623"
2019-01-07,"141,612820","80,2817811045","33,3796442289"
2019-01-08,"127,875791","65,1395323778","25,4596563942"
2019-01-09,"210,187521","80,0710034071","32,4438050161"
2019-01-10,"178,673883","84,8228908750","30,3418600899"
2019-01-11,"185,481175","80,6804455883","29,5682553450"
2019-01-12,"118,960401","63,1667121039","25,7548803515"
2019-01-13,"146,865315","89,5051808039","34,6791914788"
2019-01-14,"124,961673","86,0338519740","28,8116720410"
2019-01-15,"164,981206","65,5341726854","28,7692907577"
2019-01-16,"251,931097","76,2737065371","29,1606983391"
2019-01-17,"255,908466","68,2084397945","33,8457120284"
2019-01-18,"198,633907","93,6705019774","27,2945820425"
2019-01-19,"212,063247","77,8494087181","35,3856674676"
2019-01-20,"225,528636","79,3225644192","32,1817481488"
2019-01-21,"246,557936","76,8833379816","37,5794101259"
2019-01-22,"79,895209","88,8145861936","31,7179590731"
2019-01-23,"126,117840","65,4347056804","37,6686891714"
2019-01-24,"99,994570","67,4102420142","27,9254604552"
2019-01-25,"176,989849","84,9226307588","30,6482963811"
2019-01-26,"193,129364","93,2640190890","31,2682325069"
2019-01-27,"210,490321","86,4222802539","33,6535448375"
2019-01-28,"64,833098","81,8247371095","35,4553490444"
2019-01-29,"139,768373","75,5892609972","32,1023672666"
2019-01-30,"232,253732","90,2352431969","25,4657586673"
2019-01-31,"55,250841","66,9185896981","31,4505210830"
2019-02-01,"175,521288","88,7456985241","36,8057680334"
2019-02-02,"209,700054","61,5384397032","35,7064568800"
2019-02-03,"270,816363","74,7198326552","37,8292758147"
2019-02-04,"234,196031","80,9440075462","27,8611895073"
2019-02-05,"165,791743","69,6116547960","31,1651826061"
2019-02-06,"158,898655","65,3611882815","32,4648931610"
2019-02-07,"137,629340","84,3388326755","27,5567109218"
2019-02-08,"77,869594","75,0722659543","32,8846019245"
2019-02-09,indisponivel,"94,6224293188","32,9793271277"
2019-02-10,"211,061077","77,8300419457","33,1542222044"
2019-02-11,"162,945057","82,8100116845","30,4987957082"
2019-02-12,"286,190406","90,3690835943","25,5681253188"
2019-02-13,"82,463167","63,2439335889","32,8758677341"
2019-02-14,"90,259767","87,2858774241","25,1286457524"
2019-02-15,"241,574481","66,9503548669","27,0113406428"
2019-02-16,"227,580852","69,9144067083","27,4605310205"
2019-02-17,"159,959919","80,6540065627","33,4439314236"
2019-02-18,"169,556440","68,7261790428","31,2373139101"
2019-02-19,"254,577345","70,9957410478","36,2441722628"
2019-02-20,"240,535317","85,8825792823",indisponivel
2019-02-21,"146,690919","84,8906277754","33,2439706272"
2019-02-22,"68,466194","78,2711183565","34,5752479948"
2019-02-23,"282,030451","82,3084544956","33,4674687214"
2019-02-24,"201,957566","72,9062042271","33,5520766458"
2019-02-25,"227,475497","83,1317832820","37,9200084205"
2019-02-26,"244,965069","71,6115800418","33,3527297535"
2019-02-27,"231,996535","76,7111155518","32,7103064302"
2019-02-28,indisponivel,"76,1568798767","37,9011898619"
2019-03-01,"172,269439","86,0946644534","24,7818455389"
2019-03-02,"232,938099","64,2051344107","22,2702462186"
2019-03-03,"162,506512","69,1997619852","24,0638556290"
2019-03-04,"286,714910","63,9437055254","22,5800286386"
2019-03-05,"242,240047","85,1545377169","23,1723373880"
2019-03-06,"259,437015","64,1142518259","24,1543441054"
2019-03-07,"57,243304","74,5217400519","29,4219266991"
2019-03-08,"116,953832","82,6249118436","20,5626629795"
2019-03-09,,"70,9469064991","22,3797317381"
2019-03-10,"288,700410","79,8706871142","23,7351213895"
2019-03-11,"165,169916","90,8095648599","23,6158611032"
2019-03-12,"280,767794","64,3857289457","20,2840370330"
2019-03-13,"167,843848","90,1687706036","22,8466775197"
2019-03-14,"208,884200","73,5522803034","24,2021761672"
2019-03-15,"61,197702","93,1238478602","22,5023243782"
2019-03-16,"105,594324","72,6460189652","21,5314870958"
2019-03-17,"182,124043","89,9150843130","20,6200220815"
2019-03-18,"177,283900","61,7419238448","29,7558017360"
2019-03-19,"205,074420","64,9918379181","24,6860688093"
2019-03-20,"164,397070","85,1797421096","23,8676233632"
2019-03-21,"279,904155","75,8184173740","25,4484338194"
2019-03-22,"177,442978","66,0606127054","26,5674058083"
2019-03-23,"241,643076","91,6286595832",indisponivel
2019-03-24,"242,132957","82,7440535677","22,0998210532"
2019-03-25,"218,949628","74,7094080216","25,8872577367"
2019-03-26,"147,797876","63,9632596783","24,3650093838"
2019-03-27,"124,496062","75,4013896013","28,6193260087"
2019-03-28,"209,516534","94,5821516533","25,5238404647"
2019-03-29,"151,852995","68,5892629265","28,9643138303"
2019-03-30,"169,482600","86,5406736875","28,8937753045"
2019-03-31,"285,243837","70,7440386991","21,9429337554"
2019-04-01,"58,626525","67,3590776662","23,0012765151"
2019-04-02,"19,129094","60,8615421646","26,8055148810"
2019-04-03,"65,578651","56,0679733120","22,6153349699"
2019-04-04,"15,734882","64,3643909774","23,7176539587"
2019-04-05,"86,397891","72,2190613678","29,9776152715"
2019-04-06,"22,649364","79,0631833265","27,3946905251"
2019-04-07,"56,947691","77,5999596783","26,1109254455"
2019-04-08,"86,006274","75,5224929982","20,1756622886"
2019-04-09,"93,229292","50,3608980898","28,9481966883"
2019-04-10,"79,937119","74,1281567110","24,6680782335"
2019-04-11,"43,042946","51,0430753796","26,1458742455"
2019-04-12,"70,812556","70,1333387061","29,0436373176"
2019-04-13,"58,234331","74,0079811655","23,0576181577"
2019-04-14,"70,363568","64,3995666689","29,1541931025"
2019-04-15,"80,410362","63,3123728940","20,3693836914"
2019-04-16,"19,556351","61,4216957034","23,1090018432"
2019-04-17,"21,480754","52,8307290377","24,5386005131"
2019-04-18,"30,935023","76,4599140112","28,0230692019"
2019-04-19,"49,147184","50,6751881160","21,4511927189"
2019-04-20,"50,152458","53,4877730124","21,2345191987"
2019-04-21,"93,580922","66,7029276332","25,8710278241"
2019-04-22,"59,466467","54,3747736098","26,5638328959"
2019-04-23,"17,753597","58,3982068472","24,7136823764"
2019-04-24,"72,234020","51,3688182714","23,6161359355"
2019-04-25,"38,891330","76,8822354502","23,3874554301"
2019-04-26,"80,982003","54,1624439788","26,8130184728"
2019-04-27,"50,578112","55,9096173181","22,7252171525"
2019-04-28,"11,801521","55,3507976977",
2019-04-29,"63,641245","65,5173315177","24,2951022365"
2019-04-30,"80,958814","76,4099050505","20,0350701868"
2019-05-01,"53,536131",indisponivel,"24,6389532396"
2019-05-02,"88,988130","51,9156201089","27,6337362726"
2019-05-03,"64,399892","61,6744243686","22,1199064550"
2019-05-04,"84,037166","63,4774820600","23,7299608367"
2019-05-05,"12,757442","69,7446049470","24,4154101140"
2019-05-06,"50,533395","53,7150579323","28,1846422028"
2019-05-07,"87,925236","71,5452842806","27,8374075139"
2019-05-08,"82,791708","59,7413772971","26,3039446440"
2019-05-09,"76,112805","72,3036769647","25,0955641213"
2019-05-10,"20,122075","62,7889981012","28,0091421497"
2019-05-11,"42,194711","64,4411335138","24,1316893003"
2019-05-12,"59,835087","74,0552622575","27,2647443614"
2019-05-13,"36,344186","66,1156487036","22,0455381097"
2019-05-14,"10,724634","75,7498597566","20,1996496247"
2019-05-15,"55,538749","76,2228623865","26,1381168414"
2019-05-16,"96,279754","79,0883646193","26,3188362089"
2019-05-17,"75,342573","51,6599990715","20,0204009743"
2019-05-18,"78,930900","66,8939729172","24,9409396105"
2019-05-19,"67,345876","60,3036747733","20,7838019581"
2019-05-20,"86,303725","71,4622386755","22,7884308745"
2019-05-21,"75,881112","52,5511954232",indisponivel
2019-05-22,"49,290586","53,5422534308","29,6945605281"
2019-05-23,"41,843418","58,4062330507","22,3240196230"
2019-05-24,"64,464218","58,2626312969","26,9259021114"
2019-05-25,"26,065953","50,3282614454","25,3628298983"
2019-05-26,"20,364898","78,3716256044","21,7441131293"
2019-05-27,"52,371521","72,3433085506","20,6933349461"
2019-05-28,"32,255201","58,4777604851","23,0170324101"
2019-05-29,"74,981024","69,7839221975","26,0364364106"
2019-05-30,"10,218291","67,9626055776","21,8041316028"
2019-05-31,"13,034075","70,0108343994","25,9319883511"
2019-06-01,"5,227879","64,7484075728","23,6627072943"
2019-06-02,"23,961983","42,4619502647","16,8534036378"
2019-06-03,"25,470000","63,9252952329","21,0533413660"
2019-06-04,"47,369071","50,6682814918","23,7647761235"
2019-06-05,"40,881465","48,9493523632","18,5577118836"
2019-06-06,"45,991471","50,6516480487","20,5723431505"
2019-06-07,"16,390015","42,2413546240","18,2381639854"
2019-06-08,"27,657356","65,0855316492","23,1088667435"
2019-06-09,"44,359343","42,2864043714","21,2486929276"
2019-06-10,"1,749140","65,4439381250","24,9763230332"
2019-06-11,"17,150680","54,9121466181","23,9425064220"
2019-06-12,"12,011114","43,0952671321","22,0526681772"
2019-06-13,"41,532345","57,3361605865","23,6490010162"
2019-06-14,"7,461250","56,6893531767","22,2477891262"
2019-06-15,"45,666315","60,7053323737","16,8062417905"
2019-06-16,"28,431370","68,1810306495","22,8294194012"
2019-06-17,"35,525573","49,2876949508","20,8227069852"
2019-06-18,"35,292694","56,4030654256","18,9952558851"
2019-06-19,"36,119247","55,5026984377","14,0150048851"
2019-06-20,"5,823519","63,7154178322","16,9397891253"
2019-06-21,"47,466821","40,1535357417","14,0040212635"
2019-06-22,"31,230331","43,6675277441","24,9123849576"
2019-06-23,"11,843693","47,3242175952","24,9598835805"
2019-06-24,"48,632915","41,6491683022","21,6130608095"
2019-06-25,"26,014129","55,4087470753","14,2748100990"
2019-06-26,"20,172242","69,4018347595","24,7743443265"
2019-06-27,"35,426022","40,2184079590","14,1786110110"
2019-06-28,"35,236023","56,2477804058","18,7315329338"
2019-06-29,"37,087352","57,5624997918","23,2546107213"
2019-06-30,"15,212187","62,1577051074","18,0090105156"
2019-07-01,"16,896124","55,4607690952","18,8896368556"
2019-07-02,"17,838128","64,0234794214","23,9931755927"
2019-07-03,"12,310069","52,1522098461","20,5424501922"
2019-07-04,"48,072730","53,5591969626","16,2473792361"
2019-07-05,"43,584242","40,1591985027","16,8469934482"
2019-07-06,"17,656668","64,0963895466","22,3667816789"
2019-07-07,"10,486652","67,4665000821","20,7906597537"
2019-07-08,"23,122065","53,6212903379","23,0851197659"
2019-07-09,"14,122847","53,6660028629","16,0571142153"
2019-07-10,"28,674173","47,9345513607","23,9109068964"
2019-07-11,"29,420291","47,8123824737","15,4296151415"
2019-07-12,"24,577109","46,1883806228","22,3317083344"
2019-07-13,"42,793188","54,4682817962","19,8911444313"
2019-07-14,"38,430790","49,7284120755","19,2436425626"
2019-07-15,"28,121407","65,9931682333","17,7923679002"
2019-07-16,"42,521738","52,9740766122","21,6815142212"
2019-07-17,"27,890907","48,9204969615","20,5216905906"
2019-07-18,"42,730239","64,0778254507","17,7680301682"
2019-07-19,"21,651233","66,9818738329","16,7545968675"
2019-07-20,"47,199898","66,9150609440","24,3190996433"
2019-07-21,"41,213989","64,4457155609","23,5327771581"
2019-07-22,"48,689298","48,7764707532","23,7761316903"
2019-07-23,"13,414476","68,1304153941","14,8802603143"
2019-07-24,"37,859825","46,1311730229",indisponivel
2019-07-25,"37,796402","53,3939413561","16,9874920357"
2019-07-26,"34,819007","63,4426872133","15,9038234022"
2019-07-27,"7,685886","66,2208907716","17,3831767748"
2019-07-28,"3,081495","58,9005965895","19,0471272766"
2019-07-29,"35,884264","60,7093119229","18,1978848085"
2019-07-30,"30,848299","63,9477072113","17,5218903758"
2019-07-31,"34,645424","46,5038388580","21,0583011508"
2019-08-01,"24,183132","56,8408545366","21,5903967095"
2019-08-02,"25,144884","46,3630362991","21,3253104872"
2019-08-03,"48,096397","57,4362527898","23,1877583966"
2019-08-04,"27,604988","45,3310629136","16,5637156699"
2019-08-05,"29,793762","50,6570527940","14,0695353006"
2019-08-06,"46,189544","45,0344053070","20,7540465066"
2019-08-07,"18,594932","52,5967832756","24,6463415555"
2019-08-08,"22,751133","49,3741745364","19,2737833495"
2019-08-09,"12,615044","67,9689817683","20,8770176275"
2019-08-10,"32,175213","62,1242817586","14,5621986476"
2019-08-11,"41,770959","41,9799629224","24,3153859996"
2019-08-12,"48,860119","49,4929892042","22,0830208824"
2019-08-13,"6,778636","64,5993994529","15,9578044390"
2019-08-14,"39,184566","55,0512698295","16,8983857989"
2019-08-15,"7,208690","54,7995434928","21,4520694793"
2019-08-16,"16,354676","43,6674458052","17,4613193006"
2019-08-17,"48,573826","50,0011568097","21,4208385040"
2019-08-18,"25,383764","48,9520080781","23,0118453205"
2019-08-19,"21,429785","55,1881870158","22,1248830977"
2019-08-20,"19,523775","67,9687187910","17,9492008883"
2019-08-21,"24,440758","53,2705758961","19,1017497986"
2019-08-22,"39,020059","59,7469003161","22,8331047654"
2019-08-23,"42,592977","66,3342735669","20,3052627112"
2019-08-24,"0,452078","56,6522381173","20,6682558324"
2019-08-25,"22,599727",,"20,3981447825"
2019-08-26,"35,250513","47,6374183115","23,5135284174"
2019-08-27,"20,760265","45,4078426994","14,5988403306"
2019-08-28,"42,577104","63,5941317966","17,6214939172"
2019-08-29,"8,314768","55,0657804324","18,9271938524"
2019-08-30,"17,591033","59,1969532880","20,8762160267"
2019-08-31,"1,473321","68,4240435626","19,2882158229"
2019-09-01,"28,071621","40,1404006309","29,5266887070"
2019-09-02,"40,252100","56,3573219890","29,5487154335"
2019-09-03,"31,884865","61,1010692247","23,4092463047"
2019-09-04,"25,333113","42,0139485057","27,6608900817"
2019-09-05,"15,719299","62,1584465212","26,6178217717"
2019-09-06,"24,800888","45,4257490586","21,1402452460"
2019-09-07,"3,884716","59,0440174136",
2019-09-08,"12,270223","62,7202085295","29,6871020309"
2019-09-09,"19,693675","62,9271680168","28,5409880162"
2019-09-10,"25,923232","58,6644043464","25,9709943947"
2019-09-11,"32,082933","63,5800232148","26,9358649997"
2019-09-12,"20,478903","57,2989193108","25,5590063617"
2019-09-13,"3,684674","68,7551983636","20,4463137254"
2019-09-14,"41,998212","62,5640505641","29,8946088269"
2019-09-15,"1,583259","43,5214781749","28,3283550369"
2019-09-16,"47,580032","47,6200303138","21,4716957170"
2019-09-17,"10,753994","41,9237072609","22,5858050201"
2019-09-18,"5,514394","44,7819173422","24,5940346122"
2019-09-19,"7,675459","57,2749406697","27,1077346411"
2019-09-20,"3,981566","57,5390999129","21,1947524368"
2019-09-21,"10,542845","54,2360037913","24,7406656444"
2019-09-22,"12,645799","48,5717811490","26,8083899502"
2019-09-23,"44,244393","50,1375730351","21,4246332410"
2019-09-24,"48,255332","58,0563970799","26,8806049445"
2019-09-25,"30,884526","41,1980974620","23,9052546943"
2019-09-26,"14,333048","65,8849199422","21,0313066820"
2019-09-27,"37,265311","66,5694407594","27,5763412875"
2019-09-28,"25,081401","60,5776102755","27,9278258839"
2019-09-29,"3,521076","40,1050449612","22,5047464391"
2019-09-30,"6,075050","44,3433456258","27,3811354071"
2019-10-01,"34,691961","54,2934117639","29,1284172771"
2019-10-02,"31,756722","51,6663306462","26,5851564635"
2019-10-03,"59,538849","51,1082176324","22,5937349773"
2019-10-04,"57,555364","60,0117565630","29,1633672462"
2019-10-05,"15,909379","59,7901944930","24,8771403258"
2019-10-06,"96,306080","53,5655515921","24,5297669806"
2019-10-07,"36,139548","73,7942891365","26,6122466633"
2019-10-08,"62,242077","75,9628989156","21,1785973120"
2019-10-09,"72,405404","56,0130678029","24,8341244343"
2019-10-10,"81,816574","62,7786589410","29,0500675153"
2019-10-11,"19,525848","71,3761137230","27,7581505601"
2019-10-12,"74,618773","71,5803098478","28,3507329310"
2019-10-13,"57,538662","67,8501107990","24,8190830923"
2019-10-14,"71,669373","75,7706988390","24,8194557864"
2019-10-15,"71,853396","65,1210997489","26,3675020951"
2019-10-16,"40,396111","75,5450810135","29,0309834793"
2019-10-17,"82,913963","74,3525616154","24,4204063346"
2019-10-18,"35,073195","70,9954452452","29,2818888085"
2019-10-19,"43,899372","61,8056079412","29,5615946917"
2019-10-20,"68,145495","74,3941978280","25,7230603888"
2019-10-21,"83,919307","78,5144525729","25,7862491308"
2019-10-22,"20,813332","72,1368633447","28,5098854403"
2019-10-23,"86,792398","60,5653136815","21,2798557097"
2019-10-24,"48,379877","58,9433019266","28,1551798822"
2019-10-25,"26,610469","74,2495280992","29,6726075323"
2019-10-26,"54,037328","63,6152758738","22,0109410427"
2019-10-27,"88,766328","55,7693997044","24,4954994291"
2019-10-28,"32,388425","59,4145068564","20,7346600349"
2019-10-29,"25,634393","56,4964349839","28,8612373570"
2019-10-30,"54,351761","77,1804310367","26,1175986213"
2019-10-31,"84,030136","72,4296177724","26,8692645377"
2019-11-01,"35,092952","77,8159431321","28,5412175885"
2019-11-02,"10,758901","75,5581818814","26,1615408798"
2019-11-03,"34,464759","61,2930479184","29,1761856245"
2019-11-04,"83,055474","63,4998852796",
2019-11-05,"11,579520","73,4241386300","20,6245395403"
2019-11-06,"68,541305","78,1276360807","26,0341607792"
2019-11-07,"62,527522","61,6163639407","20,8630267076"
2019-11-08,"26,263785","74,2263135228","26,4988948704"
2019-11-09,"44,230322","60,4975305397","27,0306199139"
2019-11-10,"16,032223","72,5810330411","25,4986076227"
2019-11-11,"34,418449","77,9008337575","20,6542780441"
2019-11-12,"59,340040","52,0625109361","23,7071923060"
2019-11-13,"29,865087","72,4242437434","28,9255633340"
2019-11-14,"18,407669","73,3950637598","24,3282768239"
2019-11-15,"12,258529","76,3362715738","27,7966855289"
2019-11-16,"35,820514","64,8914369292","27,2618463284"
2019-11-17,"91,195895","76,7254671560","27,6296925418"
2019-11-18,"94,253968","53,9652459788","29,4153078148"
2019-11-19,"90,771546","75,9852454649","29,0596638220"
2019-11-20,"54,468951","69,4827878542","23,4212219594"
2019-11-21,"77,269407","74,0216385166","24,8230686172"
2019-11-22,indisponivel,"64,4985471724","29,0184415433"
2019-11-23,"19,603274","68,0779578056","25,3532101942"
2019-11-24,"30,420928","60,8851345050","25,8403117691"
2019-11-25,"52,309753","79,2489200784","27,4500480298"
2019-11-26,"25,596321","76,9084041919","29,1414920945"
2019-11-27,"13,374804","63,9610501855","26,7305670995"
2019-11-28,"15,179306","75,7627094706","28,5795443661"
2019-11-29,"27,910386","67,3834824766","29,6574690099"
2019-11-30,"13,376001","55,9596167321","20,8394035406"
2019-12-01,"194,190716","88,5111014758","33,6962455900"
2019-12-02,"88,888829","71,4338559530","29,4418343554"
2019-12-03,"195,063263","80,8348239641","33,4860186641"
2019-12-04,"214,116772","88,6828397332","35,7108092722"
2019-12-05,"147,915933","77,5077517357","32,9861034173"
2019-12-06,"98,233647","66,5135959210","37,3618942227"
2019-12-07,"135,323944","88,1223011110","25,1683302243"
2019-12-08,"168,864312","70,7639623451","37,5791349941"
2019-12-09,"227,225280","94,1284729829","36,5996606277"
2019-12-10,"264,567261","72,2968663153","26,7876190903"
2019-12-11,"230,949264","69,8196744801","35,0634375652"
2019-12-12,"57,224002","69,7499542212","29,4553278006"
2019-12-13,"200,737657","66,4720431102","32,2005957315"
2019-12-14,"139,752991","76,9963418619","30,1720055780"
2019-12-15,"257,252482","85,4200024607","28,5789724914"
2019-12-16,"52,067838","69,5982435463","37,6640831566"
2019-12-17,"254,815377","73,4091751222","37,8427497630"
2019-12-18,"295,619875","80,7757438849","26,1277440719"
2019-12-19,"214,174570","64,0371424672","31,5011898766"
2019-12-20,"271,127738","71,2077328051","29,1145416580"
2019-12-21,"54,166466","81,6241828130","37,5466036877"
2019-12-22,"82,858029","82,2193153956","32,6745297892"
2019-12-23,"58,908554","86,5291791240","28,3099869429"
2019-12-24,"285,984600","88,7648205747",indisponivel
2019-12-25,"95,131518","62,5241961236","31,1307385081"
2019-12-26,"173,169173","83,9919745658",indisponivel
2019-12-27,"201,323391","61,3883716058","30,6730531344"
2019-12-28,"233,329040","77,8642836948","34,5965280462"
2019-12-29,"97,667316","64,2081999072","32,0845881258"
2019-12-30,"245,219750","87,7683256604","32,6943146969"
2019-12-31,"105,381982","61,2840174378","26,4000862798"
2020-01-01,"235,744104","91,5966409552","29,0094260330"
2020-01-02,"129,292390","82,0178539514","34,4435355013"
2020-01-03,"226,670298","86,7251911594","25,2706808494"
2020-01-04,"282,139474","91,6717068402","28,6691994643"
2020-01-05,"149,681791","90,2253826387","28,2324419577"
2020-01-06,"203,857630","75,2567276011","33,8575004953"
2020-01-07,"100,574050","91,3884117388","27,3153388809"
2020-01-08,"241,372443","85,7283047881","33,2465073222"
2020-01-09,"77,597034","60,9645579273","36,1757989384"
2020-01-10,"159,357565","73,8155797732","27,5246496287"
2020-01-11,"72,028941","77,2164128867","30,4735880450"
2020-01-12,"59,498011","83,0809839589","27,7180093725"
2020-01-13,"135,766067","87,8809972886","30,4218478263"
2020-01-14,"218,693751","84,1344911627","25,9009004017"
2020-01-15,"180,378888","66,5975639014","30,4081134818"
2020-01-16,"91,376358","90,8774410090","26,9691927260"
2020-01-17,"215,734476","92,3680719270","25,5433667411"
2020-01-18,"221,184249","94,4905195860","32,6681353960"
2020-01-19,"237,442136","61,4664208307","36,1454842477"
2020-01-20,"129,798808","65,9298231345","30,6178038200"
2020-01-21,"282,830454","70,8307374354","25,9160494621"
2020-01-22,"286,709167","81,5970375741","32,8053392833"
2020-01-23,"68,173132","61,0610637886","33,2332757941"
2020-01-24,"125,510969","62,5756436367","27,4044945023"
2020-01-25,"103,237825","74,4250006270","25,4603933919"
2020-01-26,"54,144450","75,1326342645","35,4189239861"
2020-01-27,"208,136004","85,5061095678","31,2817839050"
2020-01-28,"91,678900","78,8063873311","32,0832139739"
2020-01-29,"170,553820","62,7349117651","36,6319793470"
2020-01-30,"239,881537","87,4798065422","32,2305986311"
2020-01-31,"267,927620","91,0093255620","32,2063195882"
2020-02-01,"197,380983","89,0817213287","31,2267667791"
2020-02-02,"123,968605","62,9345123623","25,3264520531"
2020-02-03,"285,045101","82,2277025578","36,3503209796"
2020-02-04,"111,047315","67,3919402359","34,8716891767"
2020-02-05,"214,926987","70,6013261603","36,3211330217"
2020-02-06,"113,774462","63,8066234472","32,5428650245"
2020-02-07,"192,644994","68,5186207533","30,9511531536"
2020-02-08,"74,087386","78,5063644276","29,0685318606"
2020-02-09,"165,945683","72,6489666317","37,6162030955"
2020-02-10,"121,986357","75,2281866084","35,0062438049"
2020-02-11,"63,223948","74,0807738985","32,9893806678"
2020-02-12,"142,663263","93,1247839503","30,7283373697"
2020-02-13,"99,211933","68,8466535335","33,5203079553"
2020-02-14,"214,393293","77,5677511528","29,6687649604"
2020-02-15,"200,895548","94,5476400682","26,4629998653"
2020-02-16,"71,529647","73,8955960306","35,9920541440"
2020-02-17,"294,581138","79,6817412773","36,5935874228"
2020-02-18,"53,560929","64,8786160345","32,0496264319"
2020-02-19,"270,158935","78,3971370768","36,3262709029"
2020-02-20,"211,100886","93,8345562473","36,5566974015"
2020-02-21,"200,282969","88,3922293886","25,0678357453"
2020-02-22,"289,049979","79,6559939371","30,2174205186"
2020-02-23,"126,105521","89,1632050601","33,5118578078"
2020-02-24,"292,351668","92,9724967493","34,7484907873"
2020-02-25,"164,472461","74,2635777351","32,0724069514"
2020-02-26,"161,077607","69,2576736569","36,1889787919"
2020-02-27,"264,125726","76,0145465264","37,4070814829"
2020-02-28,"58,884249","93,3133004397","35,5533782334"
2020-02-29,"86,156821","83,1296734825","26,4834252622"
2020-03-01,indisponivel,"82,8341833590","20,6379320063"
2020-03-02,"229,878903","90,5652384218","25,1034749913"
2020-03-03,"73,705396","94,7809959920","20,3830153186"
2020-03-04,"255,069095","80,7063061657","22,6190465247"
2020-03-05,"151,778199","81,7947481980","22,3133265591"
2020-03-06,"171,595271","86,6281279271","20,4091526677"
2020-03-07,"160,024919","94,6546272350","26,9301146615"
2020-03-08,"52,381907","65,2670358673","23,1099364149"
2020-03-09,"91,034092","70,3858337348","22,8321750699"
2020-03-10,"172,497717","64,3955464730","24,7710488785"
2020-03-11,"278,809180","85,5548807189","20,4382202038"
2020-03-12,"55,810641","60,6075654513","23,9177213350"
2020-03-13,"223,811009","82,7464284758","29,5534836901"
2020-03-14,indisponivel,"66,7519904523","24,4678500512"
2020-03-15,"109,942522","94,5152532373","27,6661327615"
2020-03-16,"98,534226","67,5147072770","29,3314348461"
2020-03-17,"246,315411","63,4093660656","22,1697065062"
2020-03-18,"75,411615","68,9170502755","24,5215389950"
2020-03-19,"168,072051","73,4548203115","24,7163539528"
2020-03-20,"288,498572","91,1592332680","21,2252890070"
2020-03-21,"126,571458","91,1805296853","23,8300539689"
2020-03-22,"226,464612","68,7838297031","27,9778968266"
2020-03-23,,"93,5455338064","29,2642799446"
2020-03-24,"103,005171","67,4836456447","25,1340474493"
2020-03-25,"286,876704","64,1282161288","26,4989945741"
2020-03-26,"200,681983","79,0747828354","27,9065400562"
2020-03-27,"221,637011","62,0434298957","21,6738740448"
2020-03-28,"156,914399","75,0426427855","26,0081245298"
2020-03-29,"165,127239","69,2706158426","23,9463300838"
2020-03-30,"78,038840","60,2120320581","21,2953798014"
2020-03-31,"62,448983","72,3301287293","26,2287394412"
2020-04-01,"95,798409","66,1019571997","20,7079722387"
2020-04-02,"96,505111","70,5835328662","28,7824882556"
2020-04-03,"79,523195","76,7763260686","24,7870406178"
2020-04-04,"46,322276","75,5638576245","20,7359088276"
2020-04-05,"92,181174","73,7080705664",
2020-04-06,"78,553066","71,0672184632","23,9734863763"
2020-04-07,"16,412160","73,8979545790","20,0440806743"
2020-04-08,"32,379621","59,1194835489","26,7688560589"
2020-04-09,"17,178442","64,5867307886","22,3439918086"
2020-04-10,"76,040752","72,7768691377","22,2756253483"
2020-04-11,"34,718317","67,6403425283","23,2503920288"
2020-04-12,"42,099724","57,4316102247","22,4492630023"
2020-04-13,"80,131097","70,1024693227","21,0706850914"
2020-04-14,"32,182295","76,8686852020","21,0555019376"
2020-04-15,"62,912919","55,7420974360","21,4949167063"
2020-04-16,"47,634026","51,6093683916","28,6397706009"
2020-04-17,"89,018417","51,9950605301","26,3620282706"
2020-04-18,"40,056322","75,8707033472","26,0086757435"
2020-04-19,"32,703805","54,5122727537","22,4210132861"
2020-04-20,"62,187633","57,9272934359","21,8981627040"
2020-04-21,"95,057821","75,2518483551","24,9615284556"
2020-04-22,"30,030032","59,1498334515","22,6614029061"
2020-04-23,"49,952131","78,4099826911","27,5062905447"
2020-04-24,"69,217568","60,2574699697","21,5825636802"
2020-04-25,"25,728850","69,0960763961","23,1409017027"
2020-04-26,"51,054767","62,9331879315","25,1161095151"
2020-04-27,"84,458963","59,8446709996","20,8105819436"
2020-04-28,"72,423404","52,3852029549","23,0660278719"
2020-04-29,"38,163817","56,8496921961","25,4109957882"
2020-04-30,"72,661977","64,9269714998","27,9415653905"
2020-05-01,"26,784502","77,1693363843","28,6127552758"
2020-05-02,indisponivel,"55,6007787747","22,1883882949"
2020-05-03,"42,847960","59,2778967818","25,2585751190"
2020-05-04,"61,547130","76,4597321805","25,3887951257"
2020-05-05,"39,177188","72,8040648724","25,7326200195"
2020-05-06,"71,541707","61,2864615904","25,3592335670"
2020-05-07,"70,925441","60,4609275141","25,2097005059"
2020-05-08,"54,769263","51,4534706772","25,5012073188"
2020-05-09,"72,948843","63,6835531958","21,3738634467"
2020-05-10,"10,797387","52,0115229563","26,5177288095"
2020-05-11,"60,728671","73,9214029431","28,3205154584"
2020-05-12,"70,532276","52,7102422857","28,0102970888"
2020-05-13,"36,030841","75,9309756695","26,1145738565"
2020-05-14,"11,386929","76,8725846421","29,6074850274"
2020-05-15,"82,911658","73,5612599541","26,9058475422"
2020-05-16,"13,804941","74,7434601381","26,2086251276"
2020-05-17,"73,168871","74,8851084053","25,4073499335"
2020-05-18,"48,868999","56,4042252615","28,6847806366"
2020-05-19,"93,673785","76,6274061922","21,4253109005"
2020-05-20,"50,258557","55,3683184236",
2020-05-21,"80,207987","79,7385725782","28,3754184577"
2020-05-22,"73,187842","67,4213677259","25,2907885242"
2020-05-23,"66,543016","52,3219605957","26,5014347058"
2020-05-24,"64,046872","62,2484329912","20,4014053923"
2020-05-25,"76,630857","70,3227805833","22,8471424511"
2020-05-26,"76,011904","54,2487569250","20,7211953840"
2020-05-27,"80,979277","64,7914380144","26,0449296661"
2020-05-28,"61,472164","56,0502279100","26,8822707030"
2020-05-29,"86,838333","54,9964202189","28,1462228083"
2020-05-30,"30,371530","74,2743161860","23,5891469077"
2020-05-31,"25,636726","78,3714196172","22,4679130843"
2020-06-01,"22,109384","54,3087997051","23,7196585551"
2020-06-02,"37,673629","67,8759279755","20,4143131766"
2020-06-03,"18,180434","57,3470174581","15,0476634723"
2020-06-04,"3,424158","56,2705601372","14,3082480969"
2020-06-05,"25,281372","67,1748055710","19,8875485305"
2020-06-06,"40,715344","64,7079154251","20,3547150498"
2020-06-07,"28,336942","64,2905984604","17,3296530995"
2020-06-08,"42,165362","55,0338919621","17,0082508305"
2020-06-09,"25,847159","52,2763072204","15,7747072385"
2020-06-10,"43,751767","46,2237193298","19,6769026104"
2020-06-11,"45,060918","53,9073017529","21,7710459871"
2020-06-12,"48,762478","57,5659744413","15,4539584677"
2020-06-13,"25,608989","43,9978855463","20,4877291555"
2020-06-14,"45,906818","41,6136102109","22,4862822938"
2020-06-15,"25,950438","44,5783176648","24,1737281136"
2020-06-16,indisponivel,"65,4151841875","22,4043305573"
2020-06-17,"44,957294","69,0611191184","20,0275627778"
2020-06-18,"48,533170","53,7934331223","14,2309933265"
2020-06-19,"31,169407","68,9808423841","24,3915171650"
2020-06-20,"5,341161","63,2926854694","15,3707789910"
2020-06-21,"43,233263","67,8750431499","15,8669040770"
2020-06-22,"23,452836","47,4797089827","19,7264219767"
2020-06-23,"36,289431","46,3192933699","16,7702292850"
2020-06-24,"19,251326","60,4161053559","22,6478725893"
2020-06-25,"2,706988","44,9232766245","15,0812643862"
2020-06-26,"49,695649","44,1776370925","14,0730377572"
2020-06-27,"14,583597","59,3513823175","23,1880490607"
2020-06-28,"27,252305","50,1580331734","18,1730543054"
2020-06-29,"38,926642","47,6252665140","14,3103717554"
2020-06-30,"27,803546",,"20,9843035405"
2020-07-01,"39,848631","65,4965983504","17,0852493177"
2020-07-02,"22,870396","45,2164812600","18,4967672210"
2020-07-03,"26,189793","49,3269825301","18,1385693886"
2020-07-04,"42,393860","52,9445522052","19,9991417321"
2020-07-05,"34,539268","62,6177797487","22,3713703637"
2020-07-06,"12,045191","45,9188151946","20,3712572959"
2020-07-07,"48,950017","48,0733567289","23,7695270930"
2020-07-08,"7,079217","55,9191369238","24,3957258121"
2020-07-09,"14,981780","57,7048226132","17,2284275833"
2020-07-10,"31,675441","57,9930029760","21,8540866104"
2020-07-11,"39,765417","55,3603108295","24,8486129710"
2020-07-12,"17,370316","50,3900698218",
2020-07-13,"20,948306","68,1598395040","17,2899146872"
2020-07-14,"33,415869","55,0627973179","24,5387018889"
2020-07-15,"1,727391","40,3570647645","21,4441034150"
2020-07-16,"26,688820",,"22,3462662770"
2020-07-17,"28,450935","53,4953683274","16,6139326746"
2020-07-18,"0,862899","45,2514224522","21,8674124527"
2020-07-19,"14,990761","48,9769065996","17,0172790692"
2020-07-20,"0,621610","54,2693279738","14,2836044825"
2020-07-21,"17,959833","46,5518701430","17,4660818148"
2020-07-22,"18,080804","61,3545114255","20,7017325214"
2020-07-23,"38,715419","69,1319381055","24,2022918104"
2020-07-24,"17,921426","52,7833936006","19,9419394059"
2020-07-25,"12,442979","40,0483725333","24,0734454490"
2020-07-26,"33,005268","48,2645743461","15,4243522307"
2020-07-27,"37,976661","42,1566309600","15,5043298445"
2020-07-28,"23,887039","46,8533627931","24,8564535613"
2020-07-29,"35,099539","59,3545329526","14,2588732927"
2020-07-30,"42,687655","55,1870278444","21,5683683675"
2020-07-31,"27,262234","50,4098176410","16,3505080890"
2020-08-01,"31,566621","57,9357938447","14,7694849498"
2020-08-02,"23,644743","55,1449054741","21,1941191097"
2020-08-03,"10,838874","41,1195382462","21,3346348452"
2020-08-04,"16,547556","47,7228749217","18,1463581291"
2020-08-05,"5,277465","52,8147987621","20,7726653560"
2020-08-06,"15,755630","67,8513547790","18,0674592287"
2020-08-07,"36,994575","55,9147300815","20,6690401093"
2020-08-08,"45,446651","58,2598189963","23,7793563001"
2020-08-09,"15,523035","51,2283084171","14,7129523275"
2020-08-10,"37,188863","53,8662516873","24,4339090645"
2020-08-11,"31,184542","61,1484709142","20,1190842302"
2020-08-12,"36,398918","43,7519021071","17,2564918983"
2020-08-13,"41,030386","41,9413819860","20,7653974283"
2020-08-14,"47,898854","61,7004388247","17,8248558953"
2020-08-15,"4,133860","61,3156086311","14,7499109616"
2020-08-16,"25,872029","42,1870600254","23,2957807596"
2020-08-17,"35,931770","54,8444145420","16,5811281414"
2020-08-18,"43,509023","45,3774826425","21,4080132798"
2020-08-19,"22,971629","66,9312154566","22,6635504564"
2020-08-20,"35,327177","51,8470073490","21,9068219555"
2020-08-21,"4,432640","59,7456794690","20,4917312117"
2020-08-22,"15,365608","60,7053851986","24,5103471186"
2020-08-23,"29,105459","53,7502976425","17,9280412009"
2020-08-24,"42,372459","42,7894425809","21,0853085436"
2020-08-25,"48,965858","55,3373691233","20,3087070678"
2020-08-26,"30,322683","49,4324275353","22,5675020863"
2020-08-27,"0,718457","46,0614448866","19,3040612447"
2020-08-28,"33,055306","61,9013311261","18,0414997874"
2020-08-29,"37,279489","54,8282648696","15,4985674067"
2020-08-30,"10,049064","43,6092644343","21,2884921222"
2020-08-31,"1,498428","42,9641036149","14,9579286564"
2020-09-01,"40,215798","57,0566166147","24,9131566725"
2020-09-02,"30,453565","57,1129597231","26,3713434349"
2020-09-03,"23,173095","67,0083234343","25,1878019054"
2020-09-04,"21,810395","55,3981831382","25,7132145161"
2020-09-05,"12,878194","43,2189406983","27,0927327845"
2020-09-06,"47,691135","47,8478164183","21,2494955376"
2020-09-07,"48,432347","64,1028360350","24,1604282272"
2020-09-08,"15,045854","42,3828419526","26,6337118953"
2020-09-09,"36,782117","41,6697597566","23,8635244062"
2020-09-10,"13,138685","45,8387594137","27,1265230469"
2020-09-11,"38,129168","46,8193983775","22,0382619654"
2020-09-12,"12,112273","49,6666963983","25,7792654860"
2020-09-13,"36,849067","62,1057278717","29,7568863739"
2020-09-14,"46,704428","42,1975166543","22,5529836143"
2020-09-15,"37,159781","54,1141568468","22,3500231887"
2020-09-16,"29,052018","63,6437780407","27,9292149325"
2020-09-17,"43,072730","65,4613829949","23,5360132055"
2020-09-18,"27,418513","42,7062026768","24,4989175141"
2020-09-19,"28,694479","54,1674236761","28,4186884304"
2020-09-20,"9,394422","46,2531659523","21,6529027532"
2020-09-21,"12,187492","42,2413777161","25,8937105945"
2020-09-22,"28,469262","67,6082878334","21,1461494234"
2020-09-23,"36,617790","58,5804719600","27,4883830803"
2020-09-24,"6,656677","55,0213186935","27,9761089556"
2020-09-25,"1,941629","55,4561867450","23,6566347467"
2020-09-26,"35,047827","41,5467065444","24,5141531191"
2020-09-27,"5,826948","44,1276741713","24,4227966536"
2020-09-28,"18,333594","54,4162698254","25,0483801640"
2020-09-29,"43,612004","64,0703617601","26,8547229153"
2020-09-30,"49,488853","59,5304463005","29,9611565568"
2020-10-01,"54,630919","57,5271456433","28,8189984256"
2020-10-02,"21,898471","62,3728875973","27,4044260265"
2020-10-03,"50,222613","77,2982106640","24,7981280967"
2020-10-04,"77,143214","59,5393680210","26,4782415014"
2020-10-05,"34,912300","72,3211411477","24,1087489385"
2020-10-06,"75,589088","72,0571328718","20,7826341208"
2020-10-07,"40,176163","52,1439093346","20,7489638569"
2020-10-08,"93,032590","64,0733148864","29,0503202380"
2020-10-09,"78,419252","61,6086351941",indisponivel
2020-10-10,"39,444364","79,3497989245","21,8807820944"
2020-10-11,"76,147417","56,9593279634","26,1275497881"
2020-10-12,"31,910986","73,8748796605","20,9439128471"
2020-10-13,"74,276615","58,2966555785","20,8093132744"
2020-10-14,"37,613656",indisponivel,"24,7169035250"
2020-10-15,"22,399348","76,8400322405","23,6246555515"
2020-10-16,"50,352042","64,0414920622","22,1868562021"
2020-10-17,"11,709114","59,7977414187","21,9908782266"
2020-10-18,"84,536675","59,7487485140","24,9729732447"
2020-10-19,"63,149066","61,0982607635","26,5098654673"
2020-10-20,"79,797262","51,6192023569","22,7937844173"
2020-10-21,"52,650723","71,9758181840","27,1525551331"
2020-10-22,"19,201121","70,5492682022","26,3442978412"
2020-10-23,"83,985369","58,6202218877",indisponivel
2020-10-24,"79,363949","74,5343982869","26,5131022621"
2020-10-25,"32,311954","58,4563214612","22,3287740613"
2020-10-26,"83,306968",indisponivel,"21,6347277462"
2020-10-27,"98,156657","71,2560252707","26,8164273826"
2020-10-28,"22,316086","62,7530759491","21,3245308012"
2020-10-29,"85,483267","57,7173742223","21,7238714120"
2020-10-30,"79,855575","56,6288099088","27,4638075107"
2020-10-31,"75,301998","68,9238665467","26,8131540497"
2020-11-01,"50,182303","64,7057879838","24,1515627341"
2020-11-02,"72,755362","60,5333975910","21,9201622281"
2020-11-03,"95,254199","69,9675209923","22,1987451950"
2020-11-04,"55,308435","61,7615652961","28,2465412360"
2020-11-05,"10,048681","61,5903397600","23,2719153759"
2020-11-06,"18,375248","68,3311793397","28,5935762871"
2020-11-07,"25,978072","60,8009140031","20,7129242034"
2020-11-08,"12,419516","73,5058889723","29,1522296285"
2020-11-09,"77,826283","63,9581996584","22,6826129523"
2020-11-10,"96,161040","58,1967113744","22,6288924320"
2020-11-11,"50,442011","61,7469525507","28,2099021565"
2020-11-12,"96,785570","75,0845850532","20,8074678204"
2020-11-13,"93,252178","71,0716864995","29,3301430397"
2020-11-14,"76,533456","59,4939119919","27,7882136596"
2020-11-15,"75,518757","68,5790770506","23,6665106069"
2020-11-16,"57,950592","77,5068467360","28,9878802718"
2020-11-17,"62,919095","65,4042325635","24,8506918884"
2020-11-18,"92,717555","66,4035303967","21,5572729330"
2020-11-19,"37,770290","76,0189107953","29,9455162392"
2020-11-20,"83,026532","75,4767656150","24,6719599199"
2020-11-21,"24,624940","53,7406238706","26,8605034007"
2020-11-22,"99,920716","66,4088453258","29,1396057186"
2020-11-23,"51,047929","67,0589461993","28,7885956622"
2020-11-24,"18,550013","71,0969283786","24,6210574266"
2020-11-25,"13,402918","59,4786228103","24,4951931456"
2020-11-26,"59,126201","68,8050968791","29,5412430435"
2020-11-27,"36,672592","54,3528246450","26,1326874097"
2020-11-28,"28,403380","61,2447666722","27,6217173747"
2020-11-29,"62,782006","77,2550198072","22,5094744602"
2020-11-30,"40,142903","54,6872465008","26,6485282073"
2020-12-01,"167,878089","94,6166954038","26,2557183363"
2020-12-02,"84,599335","71,1919157396","28,1964006834"
2020-12-03,"134,989017","62,9617149496","27,6238808848"
2020-12-04,"232,024130","85,4298135244","34,1517930067"
2020-12-05,"288,493654","90,9551227836","30,7492738310"
2020-12-06,"235,357473","73,5444741130","28,2303937489"
2020-12-07,"299,533016","83,0248090603","29,1047446772"
2020-12-08,"196,859068","69,6385284056","31,0187428589"
2020-12-09,"138,170221","87,2057809935","32,8536838749"
2020-12-10,"242,122356","82,7087213462","33,1020162129"
2020-12-11,"62,309195","90,4764963412","34,2842318084"
2020-12-12,"208,533261","86,1137951106","27,7774791110"
2020-12-13,"146,744631","73,0690781118","27,8074097673"
2020-12-14,"190,390714","60,3320151247","35,0724361488"
2020-12-15,"163,036554","62,6218164335","28,1362515485"
2020-12-16,"237,132374","71,6082823166","27,8736764804"
2020-12-17,"198,512066","78,3100918740","33,4131927999"
2020-12-18,indisponivel,"73,7611530734","27,1246422677"
2020-12-19,"139,207371","86,7578421668","33,0063557878"
2020-12-20,"178,975051","89,2608852801","35,1405741236"
2020-12-21,"190,546825","71,0033641311","31,9123867725"
2020-12-22,"195,612399","76,5401192150","26,8334109047"
2020-12-23,"105,470583","94,6883434556","34,5019662707"
2020-12-24,"103,692425","75,6380840277","35,0776757236"
2020-12-25,"275,753732","88,4036689686","34,0704052744"
2020-12-26,"196,193787","85,2429597391","34,7401229584"
2020-12-27,"231,579310","74,7647531138","26,2034328362"
2020-12-28,"195,088725","92,0668062964","25,8731365139"
2020-12-29,"221,819933","71,5787495124","29,3456495945"
2020-12-30,"137,314400","92,9521261505","36,4526367788"
2020-12-31,"225,128897","73,0254826695","29,5044864084"
2021-01-01,"131,937843","88,4230492356","32,4361928773"
2021-01-02,"273,384212","91,0845565462","27,2368541186"
2021-01-03,"175,618118","72,2890238185","31,4572186719"
2021-01-04,"109,691320","67,5911069056","36,0617271889"
2021-01-05,"158,067253","61,2821065842","30,3069354337"
2021-01-06,"71,296807","93,2404330567","32,7275724337"
2021-01-07,"124,226561","77,3350794966","29,7660383920"
2021-01-08,"296,853894","89,9595553454","26,8112239983"
2021-01-09,"237,717261","75,9891600145","37,3252731903"
2021-01-10,"100,781121","82,6867167203","34,1801219471"
2021-01-11,"97,871720","82,2840696133","26,6082836814"
2021-01-12,"53,838528","68,3474390268","30,5769701530"
2021-01-13,"175,893849","77,9694783137","37,1480087786"
2021-01-14,"122,414255","90,7316802390","29,7243412993"
2021-01-15,"278,435017","64,3003208260","31,1186859656"
2021-01-16,"200,153224","94,3885072677","28,6907646368"
2021-01-17,"100,866999","92,5488862237","32,4164849803"
2021-01-18,"203,533309","70,9522580160","32,2702562059"
2021-01-19,"143,576015","86,3287287251","36,0039436535"
2021-01-20,"213,546958","75,9030964085","28,2429322741"
2021-01-21,"206,228056",,"28,2963034789"
2021-01-22,"68,451961","84,4445904177","28,3115502231"
2021-01-23,"53,587349","66,3973040906","29,3211648783"
2021-01-24,"247,993573","91,6534270054","32,1034908843"
2021-01-25,"286,486268","88,9489067326","27,8425003342"
2021-01-26,"210,765653","89,3352256789","29,9309780304"
2021-01-27,"126,776144","86,4537443916","31,7479539351"
2021-01-28,"252,207827","75,0304509084","36,4990159987"
2021-01-29,"106,371236","83,3361914136","30,6614657541"
2021-01-30,"268,635683","88,2327524105","25,1656581463"
2021-01-31,"195,320834","94,5076364772","32,9420999639"
2021-02-01,"227,436591","90,3759982740","32,0953111719"
2021-02-02,"50,331836","77,6108315928","37,5361363395"
2021-02-03,"216,258014","71,7119254661","26,3492086024"
2021-02-04,"108,291475","86,6934433909","25,6853304096"
2021-02-05,"220,894403","68,9266866194","25,9428759950"
2021-02-06,"290,943050","66,9081439988","35,2960717532"
2021-02-07,"50,933074","82,0895289303","30,1311066545"
2021-02-08,"280,172374","91,2978498521","30,2623968333"
2021-02-09,"298,899886","78,3245203218","32,2461725604"
2021-02-10,,"69,5849002986","35,3925704303"
2021-02-11,"242,857757","68,7321677465","33,5860341620"
2021-02-12,"254,025186","82,3875305424","37,9226241081"
2021-02-13,"197,218833","83,0591422579","34,1720585792"
2021-02-14,"117,623942","81,6447977475","27,8281191399"
2021-02-15,"217,156145","83,6563454457","27,3126822188"
2021-02-16,"50,731268","73,4483638401","37,4686531704"
2021-02-17,"253,692126","69,8847819251","35,0180596720"
2021-02-18,"78,668396","91,2673565242","35,7574266409"
2021-02-19,"178,368822","86,2147745003","30,6703899726"
2021-02-20,"130,195183","89,1395589777","33,9547379757"
2021-02-21,"60,421762","65,8797037105","25,1027314317"
2021-02-22,"223,992087","86,3883953706","36,2491762547"
2021-02-23,"97,422944","93,4863831966","30,2352783389"
2021-02-24,"215,302601","61,2152300384","33,3978899504"
2021-02-25,"281,804268","63,0859522227","37,1781044549"
2021-02-26,"126,731559","69,4407636304","35,2085669476"
2021-02-27,"261,585251","89,2314106885","29,9758546307"
2021-02-28,"200,910619","74,7671776826","32,9597152519"
2021-03-01,"154,916379","94,7994022482","20,5740360505"
2021-03-02,"248,779774","64,6440672211","21,8652380365"
2021-03-03,"211,198527","88,4784599039","28,2645598257"
2021-03-04,"181,470519","76,1344345872","25,4436891678"
2021-03-05,"63,354727","92,4362414627","26,1333691462"
2021-03-06,"140,921171","76,6990350353","26,2905819640"
2021-03-07,"208,337995","81,7224471671","25,1373153449"
2021-03-08,"296,985533",indisponivel,"24,8299483631"
2021-03-09,"87,123961","66,5404179420","22,3344894686"
2021-03-10,"272,478127","84,6426962486","20,5615039445"
2021-03-11,"179,301088","79,3529991251","20,9597834850"
2021-03-12,"185,290113","78,6471661810","26,4320483807"
2021-03-13,"243,120481","91,6961178104","21,9146268819"
2021-03-14,"277,418341","76,0364772929","27,9173507744"
2021-03-15,"261,264772","81,7490136143","22,3032872178"
2021-03-16,"115,957547","81,5042277818","26,6337617169"
2021-03-17,"252,673290","84,8303025216","28,2062871803"
2021-03-18,"56,980516","82,0310715803","27,2609368226"
2021-03-19,"168,563167","94,4090416173","20,0371170229"
2021-03-20,"169,781316","79,5801415066","22,0452005955"
2021-03-21,"100,177747","81,6936048447","23,3952841637"
2021-03-22,"69,623370","93,9212944476","28,5415105710"
2021-03-23,"218,302046","65,8217777751","29,6142591499"
2021-03-24,"237,193774","61,7831578957","22,5527284169"
2021-03-25,"93,202097","77,9609657063","28,2059429579"
2021-03-26,"298,545122","67,1535497441","25,4545962930"
2021-03-27,"228,350643","80,2795139851","20,5017561701"
2021-03-28,"56,477112","89,9680877325","20,3928924771"
2021-03-29,"251,883973","66,8115896367","22,3341522738"
2021-03-30,"254,335028","81,3606721292","21,6527681427"
2021-03-31,"106,204714","75,9628788134","23,2009845126"
2021-04-01,"55,389754","72,5509734666","22,4846704806"
2021-04-02,"40,643816","54,0636683501","28,7429092798"
2021-04-03,"68,513318","73,6142738228","22,2519743918"
2021-04-04,"24,610333","56,9482051855","20,0111527163"
2021-04-05,"34,808756","57,8088857810","21,1437754553"
2021-04-06,"61,516699","58,7092600496","26,6466612702"
2021-04-07,"99,852322","62,4508778731","28,5409069119"
2021-04-08,"97,593406","73,5998879352","20,8192682418"
2021-04-09,"54,995483","68,8917842728","23,7023467028"
2021-04-10,"66,364593","50,3922178933","20,7642933708"
2021-04-11,"68,792770","65,2282983959","25,1862305493"
2021-04-12,"35,727778","52,4725763187","26,4929662817"
2021-04-13,"24,789812","65,8563674791","27,2395477382"
2021-04-14,"42,658902","54,7243805539","29,2343605162"
2021-04-15,"98,863714","55,6375058060","24,7499243020"
2021-04-16,"95,253733","65,1988086603","28,3787379705"
2021-04-17,"65,928373","55,3849084961","22,1522818687"
2021-04-18,"34,445483","79,8688333330","22,0827905901"
2021-04-19,"85,238450","79,5298708549","27,0092412773"
2021-04-20,"12,500511","59,9443239724","25,5920161774"
2021-04-21,"20,994867","53,0978064911","27,9235234527"
2021-04-22,"35,266595","58,2253465862","21,3384046340"
2021-04-23,"43,414064","78,5441197510","29,9345769082"
2021-04-24,"29,614468","52,2289124026","25,6462951180"
2021-04-25,"23,514311","72,9018396122","23,1557465311"
2021-04-26,"68,453358","69,3712417576","22,2267816509"
2021-04-27,"10,300449","57,6159972553",indisponivel
2021-04-28,"69,856263","64,6768769180","21,3255239289"
2021-04-29,"28,842691","50,1314675206","25,0093564263"
2021-04-30,"18,111678","56,7047903118","22,0909226089"
2021-05-01,"31,372994","52,4932856558","26,4902848445"
2021-05-02,"97,153356","64,6135119001","23,9192173140"
2021-05-03,"11,736127","76,8492687870","23,8903384276"
2021-05-04,"47,247341","70,2021421735","27,6313243620"
2021-05-05,"53,964371","57,4855916836","23,1662379395"
2021-05-06,"77,231278","57,2427498155","23,4549371492"
2021-05-07,"30,094665","73,9045503046","26,2029261371"
2021-05-08,"74,070861","79,7332538678","20,3877736124"
2021-05-09,"73,036314","65,4808732731","20,0342814738"
2021-05-10,"37,684395","59,3768287806","23,0883656200"
2021-05-11,"77,849612","68,2104312751","29,0088784295"
2021-05-12,"69,200625","55,9594326678","20,3996887195"
2021-05-13,"17,922043","57,9304953534","25,3509572461"
2021-05-14,"79,160036","72,9280620114","28,4033936099"
2021-05-15,"97,447112","79,3662457460","21,6169762425"
2021-05-16,"74,003145","59,1686698054","21,5407956921"
2021-05-17,"42,914349","56,8832335112","21,0236783670"
2021-05-18,"39,443610","50,4900703506","21,0426966021"
2021-05-19,"67,857327","65,4916591566","29,7340313632"
2021-05-20,"16,620055","59,3395130646","29,5098761057"
2021-05-21,"73,292164","59,9513367720","23,3095692457"
2021-05-22,"20,602100","73,0058654861","20,2237691714"
2021-05-23,"93,460279","75,1705810650","26,0010680758"
2021-05-24,"70,044590","77,7504928073","21,2444094281"
2021-05-25,"65,955643","67,7260403786","25,9720174594"
2021-05-26,"57,421156","72,2675728492","22,1188183178"
2021-05-27,"93,335637","65,1503428902","22,3618568543"
2021-05-28,"86,267101","68,2621622156","22,5229620358"
2021-05-29,"72,523382","64,8991638990","20,1141837298"
2021-05-30,"70,612103","70,4532570515","28,5660276338"
2021-05-31,"36,125410","67,2314349695","24,6021606486"
2021-06-01,"40,544626","63,4666198672","20,9804028114"
2021-06-02,"14,417537","55,9335411866","19,2751257293"
2021-06-03,"23,527039","57,7131112835","24,7532590722"
2021-06-04,"47,140049","49,2924527151","24,4234149443"
2021-06-05,"3,197069","55,6826254302","20,6245399648"
2021-06-06,"22,743705","49,2632747067","20,6566881349"
2021-06-07,"42,793250","52,5266720715","20,4919815971"
2021-06-08,"30,626901","69,1207536278","15,8015812352"
2021-06-09,"45,352396","62,1782343897","20,0692120933"
2021-06-10,"23,541756","53,4745059250","14,9883819173"
2021-06-11,"23,253635","45,6444705382","17,7508723421"
2021-06-12,"48,497453","65,8174115465","23,9228665919"
2021-06-13,"45,991248","64,0588059345","20,4948091985"
2021-06-14,"28,794450","53,5296868430","19,7485019651"
2021-06-15,"28,165822","40,4587024937","23,4062788101"
2021-06-16,"13,755001","59,1308803158","23,5241072803"
2021-06-17,"43,629845","52,0770894349","16,8877946854"
2021-06-18,"14,484933","60,8917568510","21,7765278487"
2021-06-19,"28,731273","47,5748645902","15,6738617919"
2021-06-20,"1,545246","62,7591176564","17,8397102434"
2021-06-21,"9,935688","49,0059409321","20,8597478898"
2021-06-22,"21,721658","43,8145068691","23,0302551021"
2021-06-23,"25,422750","59,0058718698","21,3731574944"
2021-06-24,"46,862388","49,2173086669","18,5031945283"
2021-06-25,indisponivel,"53,7809346288","16,0737292289"
2021-06-26,"14,058096","69,7966115917","14,7889692346"
2021-06-27,"46,898612","45,9857948650","23,9668228397"
2021-06-28,"36,414361","67,6592289093",indisponivel
2021-06-29,"23,272938","61,3876605391","14,9719943368"
2021-06-30,"26,234718","50,1489119040","17,5652480265"
2021-07-01,"18,902995","65,1313254266","16,8068508622"
2021-07-02,"40,845332","45,5182713382","20,6260260450"
2021-07-03,"40,506158","61,6247980834","18,6394470466"
2021-07-04,"41,975914","45,5569081267","19,5065286663"
2021-07-05,"9,493923","46,6302659495","17,9152221206"
2021-07-06,"39,997923","67,0420804066","17,3435319604"
2021-07-07,"23,363628","54,0725854372","14,7499375600"
2021-07-08,"10,950991","66,9119247106","16,5714957115"
2021-07-09,"21,146281","45,8934207679","20,5319658136"
2021-07-10,"30,083020","54,5423774496","24,0410403648"
2021-07-11,"26,050305","65,8054333523","21,1120018914"
2021-07-12,"0,921570","63,8809437902","15,1783993899"
2021-07-13,"47,786462","53,3519251120","16,6565557663"
2021-07-14,"17,889710","56,6469436324","17,7099410503"
2021-07-15,"9,141402","49,6725583114","21,0475407299"
2021-07-16,"35,868353","69,1391682653","19,9011166424"
2021-07-17,"20,924885","47,1657319155","17,4213553989"
2021-07-18,"5,616623","41,1157772112","22,3790585255"
2021-07-19,"12,802234","64,1584454733","17,7521442440"
2021-07-20,"33,202471","42,1381684903","14,3717640345"
2021-07-21,"18,801191","64,1436318666","15,4328553102"
2021-07-22,"7,355369","57,7628414197","14,7433454393"
2021-07-23,"42,643297","48,2755076965","23,7756929410"
2021-07-24,"3,802202","41,7012675937","21,1606462042"
2021-07-25,"28,477440","42,6486472749","23,7247393061"
2021-07-26,"43,961609","43,0547825735","22,6399240264"
2021-07-27,"16,262442","53,7564126475","19,3102346833"
2021-07-28,"44,218834","68,7061516656","19,7004569761"
2021-07-29,"41,086534","48,6073114093","18,8675082330"
2021-07-30,"20,985773","44,2544517398","21,3706722842"
2021-07-31,"41,324649","69,7490152590","14,8187074514"
2021-08-01,"4,083869","65,8965911744","14,0281732171"
2021-08-02,"44,837022","43,5574871510","17,7596681921"
2021-08-03,"37,308319","58,9168712764","17,9436567847"
2021-08-04,"5,627109","53,5804295671","19,7272552713"
2021-08-05,"15,426391","42,6299195414","18,1549601594"
2021-08-06,"44,215305","67,9023823961","18,4328723594"
2021-08-07,"16,508735","58,8802923747","22,9800979998"
2021-08-08,"3,622325","65,9504217621","19,4722020751"
2021-08-09,"7,522257","56,3232978798","24,4928770761"
2021-08-10,"31,045859","56,7031152198","18,9238324137"
2021-08-11,"24,290526","58,2501004816","17,1696165241"
2021-08-12,"19,387437","47,9180234088","24,7754480683"
2021-08-13,"7,047634","48,8097289601","17,9511854352"
2021-08-14,"7,246124","63,5201275075","14,9382073025"
2021-08-15,"29,679516","41,2105322964","22,5902240824"
2021-08-16,"35,227537","48,2922279507","17,2844835422"
2021-08-17,"36,205040","47,3061887869","14,7205603571"
2021-08-18,"21,559891","67,8453226814","19,8019405397"
2021-08-19,"9,404232","45,6538932378","19,4946973859"
2021-08-20,"14,271550","62,3328376031","14,4725007775"
2021-08-21,"11,428057","63,9058280861","19,5073637534"
2021-08-22,"10,716047","68,5284613234","16,7456037475"
2021-08-23,"34,493591","50,6322241177","21,9484027885"
2021-08-24,"1,213976","51,2906104502","23,9146757658"
2021-08-25,"35,472652","56,7531253262","19,2976004158"
2021-08-26,"39,366527","68,7406821246","23,6538846411"
2021-08-27,"13,528384","43,0573962752","17,3823531103"
2021-08-28,"9,565892","44,5919168940","17,3018335784"
2021-08-29,"41,788604","66,1600267071","23,4940586752"
2021-08-30,"22,512193","62,1566762873","17,3922853788"
2021-08-31,"48,661238","64,0566007443","21,4329733415"
2021-09-01,"2,783969","63,2438153272","22,0867117320"
2021-09-02,"8,814410","48,7952337093","26,8047951945"
2021-09-03,"15,907278","42,6502943253","26,0609105792"
2021-09-04,"42,935359","50,2243430695","24,7508490457"
2021-09-05,"4,293291","48,1906586619","23,5772647164"
2021-09-06,"11,054564","51,6797740964","25,5492203484"
2021-09-07,"10,599127","68,5018363912","23,9723335033"
2021-09-08,"5,804432","40,3691790307","23,2126353790"
2021-09-09,"17,356387","46,1688208596","22,5627943536"
2021-09-10,"37,037126","67,0899817184","20,8485671028"
2021-09-11,"43,884918","68,6946979599","28,3547834351"
2021-09-12,"17,143787","43,8417573629","23,4385645041"
2021-09-13,"7,416275","41,1647540715","29,0411406542"
2021-09-14,"44,093881","54,5564329232","26,2239055705"
2021-09-15,"25,247682","60,6668761185","20,3446444439"
2021-09-16,"17,467634","46,9390187914","21,2487474894"
2021-09-17,"17,860828","45,9213074867","28,0570744366"
2021-09-18,"32,179355","41,9382023878","29,1700139753"
2021-09-19,"35,544199",indisponivel,"25,9680765188"
2021-09-20,"15,314975","67,2893456009","23,2850938265"
2021-09-21,"34,086837","56,6946804858","21,2097371693"
2021-09-22,"18,933248","42,7074361992","25,5093360888"
2021-09-23,"20,317763","69,4171709905","28,4970113222"
2021-09-24,"45,654546","47,2165111602","25,0750320229"
2021-09-25,"16,544398","68,1901797657","29,0371246474"
2021-09-26,"0,557576","41,2041426641","28,9131848968"
2021-09-27,"27,534430","49,7039388673",indisponivel
2021-09-28,"47,452571","59,4585367192","24,7106638544"
2021-09-29,"33,156521","55,2779300902","24,9610297261"
2021-09-30,"13,990667","41,7380325533","22,5478337467"
2021-10-01,"16,558747","62,6124803162","26,6449393737"
2021-10-02,"41,075606","76,4771590578","22,0727267353"
2021-10-03,"89,732746","52,0312085220","21,4640480561"
2021-10-04,"44,108199","61,3206120047","20,7112341696"
2021-10-05,"16,020722","65,0369948622","26,7317893047"
2021-10-06,"82,721729",indisponivel,"20,8290205806"
2021-10-07,"59,107234","67,4719009319","27,5850834365"
2021-10-08,"10,297503","71,7268729469","22,0681323459"
2021-10-09,"76,838644","64,3048879388","26,8416825414"
2021-10-10,"19,205044","62,6183269167","24,1880161962"
2021-10-11,"48,557346","78,1020578427","27,7900669548"
2021-10-12,"74,555037","77,6610188379","21,2937241970"
2021-10-13,"81,543987","72,5812961057","27,7708975418"
2021-10-14,"67,076632","72,6787150925","24,6591259664"
2021-10-15,"70,124342","74,8471118686","21,7078214028"
2021-10-16,,"58,2322251354","23,2376908070"
2021-10-17,"33,226785","54,8617100234","24,7656012712"
2021-10-18,"36,532744","60,7899024862","25,0345976098"
2021-10-19,"23,681326","67,9784248884","29,6108013149"
2021-10-20,"37,839700","66,5369736993","23,2200138823"
2021-10-21,"20,303651","59,8053367615","23,8348334597"
2021-10-22,"66,487227","58,8539385103","24,4894342671"
2021-10-23,"45,431284","77,2964176642","21,6945642365"
2021-10-24,"72,712475","54,0484181149","25,9820477966"
2021-10-25,"31,994999","78,4705223099","22,7515550668"
2021-10-26,"25,782437","64,2565733857","29,9120490189"
2021-10-27,"14,381264","72,7130215145","27,4262948376"
2021-10-28,"96,784691","79,1585974613","29,3892719878"
2021-10-29,"97,325270","51,3311299355","22,5636467231"
2021-10-30,"92,537367","56,7369256191","21,8977878952"
2021-10-31,"96,191209","63,8103300043","21,8795316697"
2021-11-01,"88,803391","70,3342122696",indisponivel
2021-11-02,"41,229732","60,5163307597","29,0808862477"
2021-11-03,"70,412962","78,0160704818","21,1018607934"
2021-11-04,"27,841341","57,6007100687",indisponivel
2021-11-05,"37,608256","73,1604726565","26,8461316664"
2021-11-06,"98,935761","71,1242035463","20,8245577828"
2021-11-07,"48,819679","57,3826904930","25,0528912389"
2021-11-08,"28,729553","50,8377188789","21,3656111999"
2021-11-09,"22,897583","51,1750929803","23,6419852927"
2021-11-10,"13,325917","77,9557350761",
2021-11-11,"46,761674","53,3300447552","24,3408633007"
2021-11-12,"82,234816","64,0470484601","26,1021729246"
2021-11-13,"59,073027","60,2431732398","23,6133249051"
2021-11-14,"16,656953","59,4737654519","20,6631654790"
2021-11-15,"22,153291","79,5405904119","27,0133582911"
2021-11-16,"14,758288","72,3541997416","27,4565482370"
2021-11-17,"72,255566","69,6850669993","23,6353018974"
2021-11-18,"58,943243","53,2089971221","21,6853772786"
2021-11-19,"71,291180","57,3793666642","28,5263661300"
2021-11-20,"43,344698","76,4973350851","21,4705923093"
2021-11-21,"41,636738","74,3955756751","25,2872821766"
2021-11-22,"56,084706","64,5722996799","24,8045098870"
2021-11-23,"91,832043","53,0206996369","23,8278128263"
2021-11-24,"28,451945","66,2052738385","25,3930673466"
2021-11-25,"57,449000","57,9337313564","24,0634450309"
2021-11-26,"61,891824","53,9905524947","29,4463394453"
2021-11-27,"51,834265","64,1724722871","29,0328728326"
2021-11-28,"97,919814","76,4935383896","25,3393760188"
2021-11-29,"29,307024","54,7848479003","21,3755953094"
2021-11-30,"94,314487","63,5089646806","20,4592797894"
2021-12-01,"98,656354","60,2295445253","29,8830143956"
2021-12-02,"155,283394","62,6524317143","27,9033541349"
2021-12-03,"264,377411","72,2586982575","25,7321410576"
2021-12-04,"182,917610","90,7968954914","33,7639375592"
2021-12-05,"236,820437","64,8852360547","26,4789511011"
2021-12-06,"153,520574","81,0327879888","33,0906438703"
2021-12-07,"175,229711","76,3445019319","30,9995064791"
2021-12-08,"60,175241","60,4700425284","30,0096739969"
2021-12-09,"221,630231","90,0510407055","29,3334528764"
2021-12-10,"245,637254","94,6666556888","27,9150939241"
2021-12-11,"196,354162","93,8163923478","32,0690924398"
2021-12-12,"252,396126","91,6773547283","36,9103337574"
2021-12-13,"97,262034","76,3415718541","34,5786525018"
2021-12-14,"79,912370","84,9061237262","25,6382537397"
2021-12-15,"288,679922","79,7597353611","35,5358806338"
2021-12-16,"64,341974","69,7330050183","28,9716143270"
2021-12-17,"270,807762","68,9042826545","29,5109949043"
2021-12-18,"64,267358","83,5343824854","35,9543784932"
2021-12-19,"253,673492","71,8177324429","25,5710528342"
2021-12-20,"137,082161","76,5844311928","32,2564083165"
2021-12-21,"54,000487","84,0738972798","27,3514868606"
2021-12-22,"98,621793","86,2973455925","31,2038701428"
2021-12-23,"128,076256","86,2914735780","30,2874863332"
2021-12-24,"291,533349","74,3863268995",indisponivel
2021-12-25,"240,333242","90,9533423066","30,6017263559"
2021-12-26,"186,791699","82,8579607408","27,6465206414"
2021-12-27,"279,922822","87,3399609921","30,1647483782"
2021-12-28,"162,983680","80,8441549010","28,6520260949"
2021-12-29,"87,925765","60,1089509844","25,6159848501"
2021-12-30,"158,156360","94,3536293026","35,1031932691"
2021-12-31,"136,831946","66,8131721255","31,7004741546"
2022-01-01,"198,773989","70,6395763750","30,7692918351"
2022-01-02,"201,119948","73,7674515025","25,1770315490"
2022-01-03,"149,723799","87,1362227375","33,8348537242"
2022-01-04,"53,922550","94,3364433141","36,7547507298"
2022-01-05,"100,335623","62,3256594218","26,2980887659"
2022-01-06,"174,369836","78,4914360930","27,5453969443"
2022-01-07,"202,648813","78,6047259166","27,1827630345"
2022-01-08,"269,972921","83,7857162133","35,0835036215"
2022-01-09,"65,679063","88,9443153456","30,8497952137"
2022-01-10,"85,425593","60,5208075197","25,8107324957"
2022-01-11,"193,011701","67,8863641796","31,1714003537"
2022-01-12,"199,129976",,"34,0391653479"
2022-01-13,"158,028673","88,7757618307","27,3982233829"
2022-01-14,"123,204322","90,6215551463","31,2384759827"
2022-01-15,"268,360794","62,6539336519","28,2948616912"
2022-01-16,"111,420625","94,4329435761","30,5549859019"
2022-01-17,"135,778667","65,8263840112","37,8092977457"
2022-01-18,"216,432815","86,4163932517","35,3042220224"
2022-01-19,"129,780844","72,8165774220","29,2901632591"
2022-01-20,"247,777485","73,5604296559","32,9234138346"
2022-01-21,"51,710431","85,5692791334","34,1392961150"
2022-01-22,"120,976902","90,1263776932","30,5921677959"
2022-01-23,"119,208035","81,4744447163","25,2918687299"
2022-01-24,"269,253723","66,8053188819","37,8771439993"
2022-01-25,"99,722607","60,3963915032","34,1193533567"
2022-01-26,"264,678688","83,3638810690","34,0540753457"
2022-01-27,"88,595821","81,9125776665","28,2775135765"
2022-01-28,"162,151485","76,5546001781","35,8288585189"
2022-01-29,"79,952803","66,1533811065","25,0270616414"
2022-01-30,"248,425085","87,6082042316","34,5783351807"
2022-01-31,"287,639103","61,4464336991","37,5875668328"
2022-02-01,"271,558467","71,2078060997","29,2782457179"
2022-02-02,"272,311207","89,7036876587","30,0380256884"
2022-02-03,"104,737737","83,0786867259","34,5578169267"
2022-02-04,"271,178808","84,9781963201","31,7185986499"
2022-02-05,"148,477438","71,5039222930","36,1013745508"
2022-02-06,"150,075294","79,6753519995","31,2988666860"
2022-02-07,"163,789878","70,2461832403","37,9242718516"
2022-02-08,"69,292559","70,3682161275","26,7834296710"
2022-02-09,"270,865839","66,5741626753","31,6347021685"
2022-02-10,"198,644898","61,2797473857","35,4816937169"
2022-02-11,"285,491165","94,1293684683","29,7625365563"
2022-02-12,"232,394664","78,7984812906","25,7976419316"
2022-02-13,"197,035441","94,5039127473","27,4944323040"
2022-02-14,"242,609414","89,6738503571","31,4164338935"
2022-02-15,"136,998020","73,5617113356","29,1329444407"
2022-02-16,"130,320421","64,7026138647","25,1086705953"
2022-02-17,"291,153789","61,3016277211","32,4320789214"
2022-02-18,"152,675842","89,7520409492","32,1115974354"
2022-02-19,"236,788836","64,3235214479","35,7649809165"
2022-02-20,"169,921350","69,2752350201","37,0183913345"
2022-02-21,"285,166891","93,2290240772","25,0982132938"
2022-02-22,"53,930818","60,1123975415","28,1984796216"
2022-02-23,"81,824585","75,8134611576","28,1763082823"
2022-02-24,"199,423241","85,3225021266","32,2465113865"
2022-02-25,"267,617732","82,4799391958","25,8313079127"
2022-02-26,"142,883759","88,2468775520","29,6233980708"
2022-02-27,"142,801897","94,2291440120","35,1398841122"
2022-02-28,"74,765848","84,4197332168","35,4296918641"
2022-03-01,"174,949365","68,1059950237","23,6749250076"
2022-03-02,"89,643548","81,5418787839","22,6848316168"
2022-03-03,"265,775831","77,8644191218","21,2365070708"
2022-03-04,"121,573737","76,9652525159","23,9785969508"
2022-03-05,"205,727383","90,7814758270","23,1125179890"
2022-03-06,"260,605395","86,2033815288","27,4404482170"
2022-03-07,"275,996521","89,6375929965","24,6595800496"
2022-03-08,"57,110725","73,2814019115","23,7234204609"
2022-03-09,"280,112929","82,7730441864","20,0950526677"
2022-03-10,"109,356208","85,0334487724","28,0313489978"
2022-03-11,"292,675429","88,9776776369","21,5477540621"
2022-03-12,"270,892200","78,1423027429","26,5672016781"
2022-03-13,"138,649909","70,9454423248","27,9504365988"
2022-03-14,"188,634812","82,5338193987","22,6581159774"
2022-03-15,"207,513752","68,9594809189","28,9113136804"
2022-03-16,"234,610872","70,0427066925","26,1931762256"
2022-03-17,"178,242424","61,7678836365","28,4042017391"
2022-03-18,"138,789620","69,3559009413",indisponivel
2022-03-19,"205,667165","87,1933512892","29,5637310615"
2022-03-20,"192,980003","75,2607278089","22,2414306279"
2022-03-21,"230,194949","88,3770718961","25,9705097487"
2022-03-22,"186,263633","89,4964746584","24,0900671328"
2022-03-23,"61,444775","73,2949380814","20,1540457794"
2022-03-24,"238,333011","71,7805822255","28,4840241844"
2022-03-25,"243,677985","64,6713705113","21,7507933887"
2022-03-26,"193,129872","64,0510649451","27,6861068157"
2022-03-27,"192,680926","93,3133164876","27,9195382911"
2022-03-28,"178,598618","84,8260403749","24,0908805296"
2022-03-29,"208,837230","82,4274980025","28,9937101089"
2022-03-30,"70,915696","82,4229628826","24,0259637868"
2022-03-31,"73,094135","75,1802233417","22,9708211235"
2022-04-01,"43,177255","51,8936015983","22,6095370258"
2022-04-02,"12,909486","78,7000609379","28,3816658232"
2022-04-03,"79,313004","61,0254427027","29,3134388284"
2022-04-04,"83,704227","76,5623824580","29,6284765967"
2022-04-05,"93,785823","53,1066060710","29,4672979876"
2022-04-06,"59,350677","61,8802186444","23,5755307446"
2022-04-07,"60,094142","55,9198449782","21,6296812103"
2022-04-08,"29,792834","68,0592163117","23,9973048570"
2022-04-09,"26,388974","60,8933423019","20,5295031033"
2022-04-10,"84,850852","67,1090041822","21,3880939683"
2022-04-11,"93,134340","65,7187562156","24,8105117543"
2022-04-12,"59,306468","65,4155146538","23,2283718832"
2022-04-13,"26,844093","57,5131836608","25,5606569043"
2022-04-14,"62,646494","52,0063054352","23,5401350302"
2022-04-15,"40,151293","56,8180750921","25,7669230841"
2022-04-16,"39,340618","53,9367205320","26,8312371186"
2022-04-17,"63,890660","50,0499933002","21,0538806537"
2022-04-18,"37,834063","53,8488478682","24,2120682249"
2022-04-19,"98,791497","52,4722339645","29,5142176649"
2022-04-20,"48,162178","57,3460619512","25,3151132989"
2022-04-21,"27,983327","58,9124414818","29,0656320851"
2022-04-22,"51,129673","78,9342354815","26,6919941634"
2022-04-23,"77,061843","78,0021148362","23,1045326207"
2022-04-24,"70,114767","76,8095284008","23,3432442827"
2022-04-25,"82,614555","78,4039384143","24,6676421598"
2022-04-26,"12,312159","63,8073018054","28,0242918214"
2022-04-27,"42,645065","57,8487036575","25,5951704405"
2022-04-28,"74,001873","77,3794727994","25,1600632730"
2022-04-29,"93,131914","67,2391676655","27,8572724123"
2022-04-30,"10,998456","79,6204133220","27,9672588721"
2022-05-01,"94,888028","50,5584103640","21,7501904971"
2022-05-02,"12,330042","52,2988882943","24,3284550834"
2022-05-03,"90,783098","79,4835941053","24,6440212997"
2022-05-04,"77,687640","67,1836055360","21,8833052372"
2022-05-05,"75,751284","61,8867311975","25,1115268329"
2022-05-06,"61,558993","68,3525234556","22,2845646649"
2022-05-07,"24,320728","53,4737770894","22,3933143228"
2022-05-08,"87,840676","67,6111486395","22,3779100721"
2022-05-09,"94,222254","53,6308098372","27,5093019817"
2022-05-10,"19,383437","51,3498166615","23,5348232190"
2022-05-11,"36,831105","70,1180804111","21,9647496654"
2022-05-12,"16,982410","77,1675116751","21,0624873180"
2022-05-13,"28,261087","76,4286761445","21,8477242644"
2022-05-14,"22,564090",indisponivel,"22,3257007364"
2022-05-15,"36,639723","55,3054982802","23,4849480372"
2022-05-16,"38,014547","52,6604856628","20,2828585495"
2022-05-17,"13,057084","64,9237447904","26,9001316710"
2022-05-18,"19,120843","58,9427069272","22,8634270601"
2022-05-19,"34,911500","78,4766818051","20,9435351881"
2022-05-20,"46,245478","63,9106713089","20,3530107293"
2022-05-21,"43,468663","70,1276944208","20,5006133018"
2022-05-22,"46,825753","50,7497432396","22,8052051657"
2022-05-23,"58,080453","59,2803015087","27,5260398271"
2022-05-24,"98,920444","75,4901846139","20,4359610447"
2022-05-25,"99,425810","50,6224259859","22,4314447961"
2022-05-26,"31,991004","76,0559364618","23,1820274095"
2022-05-27,"83,184419","51,7208786920","27,1301601072"
2022-05-28,"82,442760","60,9858353926","22,1549429997"
2022-05-29,"21,613856","74,8436318560","20,6575313739"
2022-05-30,"69,652051","56,7718597556","27,5752044480"
2022-05-31,"85,232030","52,9999466805","24,9104095648"
2022-06-01,"3,676937","58,3287546695","15,9324053872"
2022-06-02,"41,614438","52,0740351042","15,9166647834"
2022-06-03,"11,474804","45,8996767066","18,6428524442"
2022-06-04,"0,091475","53,9709692365","14,8684434199"
2022-06-05,"17,435824","46,7336401526","23,1206187586"
2022-06-06,"44,377231","44,7937243160","19,1922052121"
2022-06-07,"29,873535","55,7311440524","17,8885986835"
2022-06-08,"13,896611",,"15,2481854276"
2022-06-09,"43,930499","45,2315725894","24,3939837612"
2022-06-10,"33,847275","45,5130407095","22,9626061139"
2022-06-11,"17,609966","41,6933547175","23,6948031033"
2022-06-12,"13,671091","48,5013234721","14,3232009472"
2022-06-13,"3,687050","48,2330427741","17,9057731460"
2022-06-14,"2,932034","60,3954487249","16,2834612309"
2022-06-15,"41,090560","55,3590004795","14,8870923233"
2022-06-16,"40,752592","59,6521497893","16,5333001612"
2022-06-17,"1,198593","49,3541633043","14,5233272655"
2022-06-18,"15,536967","69,3298178766","17,0204879678"
2022-06-19,"28,723832","41,1059612761","15,8143992733"
2022-06-20,"11,717422","45,9994514085","22,7629797383"
2022-06-21,"30,419631","55,5935398140","16,6208454775"
2022-06-22,"34,715232","46,2710641841","22,6703112221"
2022-06-23,"23,503865","67,3483125634","20,8722200442"
2022-06-24,"25,063359","56,0390766051","21,1393318309"
2022-06-25,"33,701474","48,0851783278","24,7760869111"
2022-06-26,"48,962642","62,7111194747","21,4137774020"
2022-06-27,"23,524914","64,0476928009","24,6008406777"
2022-06-28,"3,401180","57,6422246186","19,1950803927"
2022-06-29,"42,732853","50,8823769872","15,4272569096"
2022-06-30,"24,797334","64,8607384053","24,4515859729"
2022-07-01,"19,448964","45,2244624567","23,2191885048"
2022-07-02,"15,974582","41,2221708204","19,0916635916"
2022-07-03,"21,164765","45,9859487693","20,6253576785"
2022-07-04,"28,541609","68,9899830995","17,0559444193"
2022-07-05,"20,942959","69,8709888876","20,6702791570"
2022-07-06,"48,640489","51,5689637912","14,8568088707"
2022-07-07,"28,548639","56,3902030448","16,2994263701"
2022-07-08,"47,506482","53,5370571876","23,6128764728"
2022-07-09,"44,156322","45,5997473715","15,3197793377"
2022-07-10,"25,238003","44,6422352893","16,3940482492"
2022-07-11,"7,328452","57,8565605612","15,2807598942"
2022-07-12,"17,491605","42,9275749213","24,6655165444"
2022-07-13,"16,773747","56,2775775244","18,2986774006"
2022-07-14,"40,944212",,"24,3037981899"
2022-07-15,"40,072485","40,0299958748","23,1672133955"
2022-07-16,"5,558921","42,3204216697","14,4485615842"
2022-07-17,"31,014444","41,9158564432","20,3059998420"
2022-07-18,"6,996814","40,5408345435","15,9803072983"
2022-07-19,"29,295581","48,3031459403","23,5827388647"
2022-07-20,"10,726387","59,4598077143","23,2482901816"
2022-07-21,"0,473191","69,0570952738","21,8314422265"
2022-07-22,"44,892523","63,1184317244","24,7987112294"
2022-07-23,"36,537949","55,7796871823","18,2261799840"
2022-07-24,"29,383062","42,8663132054","16,4104446957"
2022-07-25,"37,761147","66,7622119516","20,0979714330"
2022-07-26,"12,582237","51,5316557825","17,6919223571"
2022-07-27,"33,633037","63,8011222458","22,7807528987"
2022-07-28,"1,455418","57,9845412314","17,3709413363"
2022-07-29,"34,973075","67,7849561246","15,8848408609"
2022-07-30,"28,154617","59,4208779219","14,6660695777"
2022-07-31,"25,337660","53,2515200652","24,8486275971"
2022-08-01,"14,534485","43,6801510540","17,7621981018"
2022-08-02,"29,192754","51,7262289654","16,5702698889"
2022-08-03,"42,701589","65,9728126919","20,5007660441"
2022-08-04,"28,354089","49,3248372552","17,4953474960"
2022-08-05,"44,897443","56,6436686049","17,8918038039"
2022-08-06,"45,084832","68,2712676211","18,7969752285"
2022-08-07,"26,221528","51,4231228439","15,9003848739"
2022-08-08,"5,165763","45,4035123089","20,8179574163"
2022-08-09,"39,745722","60,1950736518","23,7977331611"
2022-08-10,"42,955088","43,8454915667","21,1650277004"
2022-08-11,"13,767376","45,6305619251","16,6585022296"
2022-08-12,"23,778478","50,3772128002","24,9790217293"
2022-08-13,"31,363878","50,5133764953","19,4721602503"
2022-08-14,"21,871484","43,1007461215","22,6562061713"
2022-08-15,"39,758033","68,1387785557","15,3015797464"
2022-08-16,"13,270646","56,2951762187","16,8837600830"
2022-08-17,"4,516183","42,6813380413","18,4274806210"
2022-08-18,"29,495742","48,4070496705","19,8134413085"
2022-08-19,"6,633913","68,2606141028","24,0273305937"
2022-08-20,"27,428319","50,8224760908","15,2726656611"
2022-08-21,"46,858318","43,8197718338","19,6546003481"
2022-08-22,"44,241722","45,9945818430","20,1697404516"
2022-08-23,"6,235621","40,7794673535","24,4315927168"
2022-08-24,"32,299950","54,5606617940","14,1790916473"
2022-08-25,"10,720843","65,1953318974","19,4202366431"
2022-08-26,"40,553933","63,2788765924","15,9406916712"
2022-08-27,"10,220342","48,1559948785","15,3714096286"
2022-08-28,"17,156898","69,3377423175","14,3312026933"
2022-08-29,"17,943228","57,9495804967","16,4376000464"
2022-08-30,"41,392858","41,7192533615","19,9050807374"
2022-08-31,"35,458044","41,5361183016","20,2637207298"
2022-09-01,"10,822791","41,8410445518","21,6363417715"
2022-09-02,"14,221163","50,3256732847","25,9554524111"
2022-09-03,"19,874773","47,4708350107","26,5064939184"
2022-09-04,"3,975401","56,0689999815","22,0774627988"
2022-09-05,"15,740828","68,6663985378","22,2423118579"
2022-09-06,"19,686180","66,9659842522","26,6346898403"
2022-09-07,"0,650141","60,7903468363","25,7438881423"
2022-09-08,"29,789876","62,6771808155","27,5172502687"
2022-09-09,"2,721541","69,4714597525","27,5437740884"
2022-09-10,"20,991444","68,7253117533","29,3049552831"
2022-09-11,"40,716036","57,3512387824","22,4768489991"
2022-09-12,"47,525020","55,8925819278","24,2298327159"
2022-09-13,"1,403667","56,8537991442","20,9710428005"
2022-09-14,"24,820999","63,0809850532","28,7312368206"
2022-09-15,"38,498561","60,7553866419","25,2633190710"
2022-09-16,"28,881012","55,8159759038","28,5624661692"
2022-09-17,"11,078210","59,6526024219","26,4716292408"
2022-09-18,"19,359184","46,9386577777","21,0165348621"
2022-09-19,"27,759887","69,3382915361","21,5875212702"
2022-09-20,"40,187169","69,9280501038","28,8730502403"
2022-09-21,"7,034262","43,3747387381","21,2196678703"
2022-09-22,"39,775259","40,8460826853","29,8547962472"
2022-09-23,"35,046532","47,6427154934","24,7831774887"
2022-09-24,"30,321355","63,4682559480","27,8613012109"
2022-09-25,"29,989537","66,2304544137","20,6406005638"
2022-09-26,"21,248952","66,5525198661","25,8261508132"
2022-09-27,"5,641283","53,7480982933","23,8392724171"
2022-09-28,"36,752911","63,6333536223","25,2751175422"
2022-09-29,"29,875746","58,1310670941","21,8748340256"
2022-09-30,"40,544226","61,7996206089","21,4329732457"
2022-10-01,"46,276433","51,6676958981","21,9563076023"
2022-10-02,"27,757097","75,7759660502","22,6583738558"
2022-10-03,"47,064479","55,5063905673","25,2988561172"
2022-10-04,"98,810666","56,1450051102","21,8887442013"
2022-10-05,"37,711611","59,0189296528","21,2532026853"
2022-10-06,"44,389983","75,1037713127","29,5382298777"
2022-10-07,"65,924245","57,4397801579","26,4592481332"
2022-10-08,"65,603842","56,9202145643","23,7753809603"
2022-10-09,"37,437331","65,9503086322","28,2087623516"
2022-10-10,"62,221066","65,7377259955","21,2644079695"
2022-10-11,"67,677065","51,2244910337","23,3217512364"
2022-10-12,"76,977408","68,2183613419","21,5455165388"
2022-10-13,"34,389781","52,5681208796","21,7748425103"
2022-10-14,"17,351513","64,2598501773","21,1261492787"
2022-10-15,"63,044602","54,0464645149","28,7425478149"
2022-10-16,"82,512492","75,3690204348","23,8853085498"
2022-10-17,"92,578169","56,2982994416","24,8612870054"
2022-10-18,"84,050348","71,4510002599","27,2059942368"
2022-10-19,"84,790556","58,3247716464","26,6637876086"
2022-10-20,"20,328405","66,3988674856","21,4463918460"
2022-10-21,"33,404908","60,7991907576","27,8564605183"
2022-10-22,"22,576804","71,7414408965","24,4505552820"
2022-10-23,"58,472061","60,5637409276","27,2283881743"
2022-10-24,"44,454829","59,4658421918","29,1753961208"
2022-10-25,"18,809556","53,0009047666","29,8298952025"
2022-10-26,"84,342841","75,7836044290","22,8137963017"
2022-10-27,"90,601899","59,0150453877","20,4343719269"
2022-10-28,"91,329007","71,8869690962","21,1288518759"
2022-10-29,"98,180148","53,8327347967","29,6122526998"
2022-10-30,"78,779165","71,6071483800","21,6820096179"
2022-10-31,"81,664099","76,5574788958","20,7219233586"
2022-11-01,"69,036983","75,5581790944","26,5681736337"
2022-11-02,"54,350171","73,6971512812","20,6538268281"
2022-11-03,"37,067849","51,2090298484","20,9458030682"
2022-11-04,"24,407425","72,7718668590","23,4813963238"
2022-11-05,"18,999427","65,8281316084","24,7407412056"
2022-11-06,"27,616005","79,2143749281","21,8170519190"
2022-11-07,"35,020846","51,3590586922","23,2484063089"
2022-11-08,"84,143928","72,7613148874","25,4419870591"
2022-11-09,"67,169028","53,5360419167","20,3991723361"
2022-11-10,"91,691327","52,1321323080","20,4040997377"
2022-11-11,"50,331352","52,2795190572","28,1719382874"
2022-11-12,"90,478770","78,1345929217","23,5916767780"
2022-11-13,"76,987812","54,2160437676","24,2998245100"
2022-11-14,"40,463480","61,5205767391","21,9597149536"
2022-11-15,"98,548696","70,0550273030","22,0998232227"
2022-11-16,"10,720075","53,7749257987","26,4393857845"
2022-11-17,"32,003938","52,6422039991","24,8730162652"
2022-11-18,"47,490413","68,9821316539","24,4388805232"
2022-11-19,"40,781833","70,9775641564","20,9268384599"
2022-11-20,"91,132657","64,2362477599","28,3944253891"
2022-11-21,"57,591979","69,8158196634","22,3493253939"
2022-11-22,"35,635138","71,5628056038","25,2113788134"
2022-11-23,"15,126947","53,8664192681","20,1138598790"
2022-11-24,"54,882965","50,6780178945","26,6622135567"
2022-11-25,"86,699935","62,8855720703","27,0900536747"
2022-11-26,"76,282395","50,2288291046","27,5645988597"
2022-11-27,"85,192042","79,9564773484","22,9283081911"
2022-11-28,"77,692631","53,8210775599","27,3635731248"
2022-11-29,"61,933382","78,3088975730","27,8118762098"
2022-11-30,"24,454205","62,5529588388","27,6786858931"
2022-12-01,"111,451813","77,3645868894","31,2483471903"
2022-12-02,"109,920089","91,3257518963","32,1744464485"
2022-12-03,"95,277888","80,9197435685","30,2868288980"
2022-12-04,"187,479979",indisponivel,"34,8696183242"
2022-12-05,"87,730894","75,5160894087","26,8703490699"
2022-12-06,"184,549770","62,7225779310","32,8319001778"
2022-12-07,"154,985419","92,3162691057","28,0118828281"
2022-12-08,"191,227579","94,3222903331","31,9290751812"
2022-12-09,"85,781452","60,0911662444","28,1486020547"
2022-12-10,"129,721734","67,8893840329","36,4958931277"
2022-12-11,"221,502940","68,0079150672","37,9252098617"
2022-12-12,"252,639270","64,1940320371","26,9059564750"
2022-12-13,"83,663806","61,3051327431","27,7767646080"
2022-12-14,"279,665340","69,0076974292","29,9064546558"
2022-12-15,"252,989076","71,5320136388","29,3028896465"
2022-12-16,"196,875244","78,1639329815","29,7431625069"
2022-12-17,"59,322319","86,3820978292","37,9888445829"
2022-12-18,"242,160104","90,1836776145","31,1885878255"
2022-12-19,"149,994699","72,6648370504","25,4521649049"
2022-12-20,"106,091740","94,4395192209","25,2049855922"
2022-12-21,"208,563137","70,5864092894","34,0624084954"
2022-12-22,"74,029550","83,0899308159","28,3663292508"
2022-12-23,"292,522576","75,9356714202","32,0486525307"
2022-12-24,"83,867558","88,5444111840","36,2039871528"
2022-12-25,"171,968407","93,2742784478","33,6127288345"
2022-12-26,"194,582022","82,4375153442","34,2674553144"
2022-12-27,"143,157862","69,6315184064","26,7583939436"
2022-12-28,,"69,3587952054","30,3468854795"
2022-12-29,"291,575004","89,2094818775","35,9109463552"
2022-12-30,"117,014423","64,3166911630","34,0591800287"
2022-12-31,"229,709142","80,7361166665","31,3676184026"
2023-01-01,"225,559770","73,6764116692","25,6122494902"
2023-01-02,"184,955344","75,2667466268","29,8043730264"
2023-01-03,"210,686033","72,2914810029","32,5147988235"
2023-01-04,"214,088887","66,7745647428","32,8707306183"
2023-01-05,"169,715332","66,0221706978","36,1181064859"
2023-01-06,"262,184333","83,6529497587","33,1836719696"
2023-01-07,"165,323528","69,2463953125","31,1933495297"
2023-01-08,"146,787399","65,2018302501","26,4803046273"
2023-01-09,"244,071951","66,4127583342",
2023-01-10,"69,320946","85,2854727398","31,2185792812"
2023-01-11,"259,340620","71,5651564808","26,3667872931"
2023-01-12,"255,845109","66,5903831011","25,5068875652"
2023-01-13,,"80,3944194737","34,7645937261"
2023-01-14,"62,809351","87,9559338825","37,7876118593"
2023-01-15,"151,595258","60,0865792601","31,1832555876"
2023-01-16,"112,646862","83,3008395283","25,4303818135"
2023-01-17,"221,811185","84,0070928371","37,3079060658"
2023-01-18,"224,269911","87,6128123569","25,2642494512"
2023-01-19,"50,920982","89,6688651287","30,3444524692"
2023-01-20,"103,689889","91,0952767404","31,2580028891"
2023-01-21,"106,860889","76,0508330294","33,2404572352"
2023-01-22,"234,981324","88,5315074635","25,6489088457"
2023-01-23,"184,778859","73,2611238302","31,5995665271"
2023-01-24,"71,024781","62,9993139626","37,1075793647"
2023-01-25,"285,637869","89,6328355593","35,4351322005"
2023-01-26,"231,873716","77,7416936608","35,9803882639"
2023-01-27,"141,214642","89,8953242392","25,1675756932"
2023-01-28,"158,588376","73,7001487177","26,5484917427"
2023-01-29,"186,019874","73,5557080023","31,5423806110"
2023-01-30,"185,996446","91,5888843540","33,7598588933"
2023-01-31,"296,460490","81,9022741895","28,0940560449"
2023-02-01,"270,044240","74,7398061437","28,5043860889"
2023-02-02,"213,439716","67,1883708296","27,1067746748"
2023-02-03,"69,929007","66,8382811514","25,9361021652"
2023-02-04,"190,545185","92,1164103596","27,1506913355"
2023-02-05,"125,281223","91,0058903694","35,6347049482"
2023-02-06,"148,916098","70,7998051474","27,6541201639"
2023-02-07,"214,802633","70,5567924064","28,5712164412"
2023-02-08,"250,390253","60,9243016411","34,5487237493"
2023-02-09,"89,703002","83,2705328099","31,0589330217"
2023-02-10,"204,758002","90,6590692338","36,0694380047"
2023-02-11,"265,314557","74,2187654553","31,7217396987"
2023-02-12,"86,603241","87,1035913470","25,3359921949"
2023-02-13,"201,256721","91,8771569038","26,3475922512"
2023-02-14,"52,685529","66,2199219377","34,5762814477"
2023-02-15,"141,810720","77,8660556631","29,9497453198"
2023-02-16,"58,719331","91,5379608264","37,7297845880"
2023-02-17,"116,083291","75,0758737282","35,8396908774"
2023-02-18,"56,789402","84,7686876385","37,5971084679"
2023-02-19,"110,267515","73,2335912520","37,6983561377"
2023-02-20,"135,576251","78,3273121742","32,2484136509"
2023-02-21,"57,384841","83,1770721850","31,5564399660"
2023-02-22,"145,889138","79,7720139796","29,6165784868"
2023-02-23,"199,277530","65,4574343384","36,6622944822"
2023-02-24,"146,177904","70,2918416500","33,6728017708"
2023-02-25,"267,097430","70,3325402132","35,5788619797"
2023-02-26,"84,788513","83,2062058132","37,0499324174"
2023-02-27,"124,372109","75,6075495569","28,7363304107"
2023-02-28,"83,491142","90,3299215706","34,9665948497"
2023-03-01,"107,898858","70,5767172990","27,1013975998"
2023-03-02,"104,208818","69,0512718488","21,3834160601"
2023-03-03,"176,332830","69,9367153616","25,3812515926"
2023-03-04,"92,058594","74,1738623316","23,4380086657"
2023-03-05,"235,519879","68,5453311585","25,2112918875"
2023-03-06,"239,294562","65,6519720565",indisponivel
2023-03-07,"157,802055","82,1145545782","21,1439649268"
2023-03-08,"178,025028","79,6869468591","24,0333156425"
2023-03-09,"193,651608","65,1776876141","23,6958060268"
2023-03-10,"284,028911","64,2405997099","27,4546870417"
2023-03-11,"165,986950","63,9122358500","21,2224598363"
2023-03-12,"200,664909","84,4931034341","22,0276285256"
2023-03-13,"177,606726","74,0803841561","26,4295222692"
2023-03-14,"134,746637","60,5297324901","24,5777558193"
2023-03-15,"204,131664","88,7455011116","20,5872680461"
2023-03-16,"83,469438","87,6071260747","22,7859517228"
2023-03-17,"124,403822","78,7950612758","23,7169503425"
2023-03-18,"92,536496","79,1740689043","28,4565326470"
2023-03-19,"205,229318","67,2304681751","20,9059471829"
2023-03-20,"256,413601","76,2074152696","21,9195417067"
2023-03-21,"282,353452","92,8646556255","20,7063840098"
2023-03-22,"288,950545","66,7060648593","28,8037468184"
2023-03-23,"203,913879","72,2634414259","24,9148164874"
2023-03-24,"205,200186","84,0559264062","22,7928423226"
2023-03-25,"86,304346","66,5108419336","26,0356620747"
2023-03-26,"75,291233","72,2977184616","22,5784245687"
2023-03-27,"253,497884","61,0837190684","22,7976052902"
2023-03-28,"296,893323","94,2676709957","20,8195479386"
2023-03-29,"76,803924","87,2615649990","20,4989106189"
2023-03-30,"219,879446","85,9620077741","28,8373905448"
2023-03-31,"164,038956","62,2330538102","29,2245085996"
2023-04-01,"83,106097","50,4505449732","20,2119139700"
2023-04-02,"86,816097","51,5652626465","28,4504545750"
2023-04-03,"61,961288","66,4650747374","23,8053738160"
2023-04-04,"17,811630","70,8993445672","20,3379989637"
2023-04-05,"70,145067","55,3370847606","26,3793043193"
2023-04-06,"11,075251","63,6562107219","24,3481169739"
2023-04-07,"86,935850","75,4131662189","22,2588403701"
2023-04-08,"95,030705","60,1631183527","25,4249346946"
2023-04-09,indisponivel,"51,9670851638","27,5183695785"
2023-04-10,"18,752644","60,3162426474","27,0254568350"
2023-04-11,"13,315608","69,7059198291","26,1652748597"
2023-04-12,"94,946378","66,2186933858","25,1502922476"
2023-04-13,"60,605434","71,5095362451","29,3685197727"
2023-04-14,"52,807963","51,5112251807","28,0184238723"
2023-04-15,"43,884705","78,0643364804","20,6369862068"
2023-04-16,"90,878385","51,5816108022","26,5860994776"
2023-04-17,"51,407088","54,1119073817","26,8769550869"
2023-04-18,"77,927042","54,2925152960","26,0505533128"
2023-04-19,"31,651959","65,6176486012","20,3885184943"
2023-04-20,"38,613314","78,9363892825","28,4402493681"
2023-04-21,"34,605234","65,1277452229","21,1620175432"
2023-04-22,"29,673890","68,0284169841","22,9714282548"
2023-04-23,"15,639525","64,7633950272","29,1392485702"
2023-04-24,"26,722999","50,1491228503","26,5519151061"
2023-04-25,"95,826516","77,9180013075","29,7715265846"
2023-04-26,"17,055435","64,9608456604","27,9236144861"
2023-04-27,"58,999701","64,4889156900","23,6462702979"
2023-04-28,"17,840081","61,5854177392","23,6040576005"
2023-04-29,"56,311133","74,7004022006","26,2997004485"
2023-04-30,"79,239086","72,2344486678","24,2287618982"
2023-05-01,"73,098389","68,2104472377","22,6349764077"
2023-05-02,"61,220495","75,6827510924","21,7149435334"
2023-05-03,"51,801016","71,7151839475","23,4350784537"
2023-05-04,indisponivel,"55,0481345804","24,7147510148"
2023-05-05,"54,462704","79,7783234304","21,7079056642"
2023-05-06,"41,411052","69,1806441956","27,6069527429"
2023-05-07,"40,874731","60,2336625907","24,1287837434"
2023-05-08,"81,681099","79,2900588229","27,3202297243"
2023-05-09,"98,314351","51,9013943345","29,6363928781"
2023-05-10,"10,229413","69,9113944783","20,1162057859"
2023-05-11,"53,521205","56,8038249142","25,6940139820"
2023-05-12,"53,079068","77,4582109556","29,0802984095"
2023-05-13,"98,153290","69,6553462562","27,1972823598"
2023-05-14,"45,737544","53,1264441900","28,9671132614"
2023-05-15,"32,564223","56,7300035497","20,8103174523"
2023-05-16,"66,578542","65,0693147294","21,7042926278"
2023-05-17,"69,271258","61,0824645471","28,4482013089"
2023-05-18,"42,460031","76,8810044448","29,2391146270"
2023-05-19,"19,871730","78,0587692791","24,1825990536"
2023-05-20,"62,840731","50,7485296188","20,5637084460"
2023-05-21,"48,783316","58,8544989308","26,1637932079"
2023-05-22,"44,256431","74,8123140216","24,0959970186"
2023-05-23,"97,490983","56,4150031006","28,3053998965"
2023-05-24,"12,053782","59,2736622970","23,1990405835"
2023-05-25,"58,937235","60,1373723766","23,5178597506"
2023-05-26,"19,487795","53,3966062752","25,9435015312"
2023-05-27,"27,928799","58,3503431279","22,4453569235"
2023-05-28,"72,733160","71,8218167706","28,5814125445"
2023-05-29,"20,876076","68,1520325804","21,3782171177"
2023-05-30,"18,483459","71,0357843625","21,7403643533"
2023-05-31,"42,063651","71,2207132690","26,3452312501"
2023-06-01,"6,822472","54,0282894268","20,1254100372"
2023-06-02,"10,147522","42,3709552484","23,1294771260"
2023-06-03,"49,904924","48,1718324115","14,8043438748"
2023-06-04,"42,999917","62,0901421975","14,1555089735"
2023-06-05,"41,568897","54,2822052168","19,9968644288"
2023-06-06,"45,281813","47,2795043971","23,9231896614"
2023-06-07,"16,595198","46,5662552719","19,1331182553"
2023-06-08,"17,413499","40,9201003256","24,0579432828"
2023-06-09,"16,911323","55,2485821204","16,2227660770"
2023-06-10,"38,062747","69,5326470936","14,8714888330"
2023-06-11,"38,563223","40,7054173457","22,6287122723"
2023-06-12,"20,710892","68,8476358134","22,3948902624"
2023-06-13,"7,439272","69,6579586463","21,8608395280"
2023-06-14,"17,163354","42,1068897232","16,3770136602"
2023-06-15,"9,758137","57,4101010963","21,6014131697"
2023-06-16,"8,245784","64,1380774130","21,6798608134"
2023-06-17,"43,990423","59,9998761685","16,0668258188"
2023-06-18,"41,532309","66,0662095381","23,9642496774"
2023-06-19,"5,362450","55,4836143553","18,3141990610"
2023-06-20,"40,155124","43,3969390764","17,3555942984"
2023-06-21,"8,160811","69,8771904568","19,6752030823"
2023-06-22,"25,525355","43,9876353304","15,8804999401"
2023-06-23,"49,803837","61,9840595047","19,5974527966"
2023-06-24,"17,303446","52,1964264067","24,5539113811"
2023-06-25,"39,462364","55,3161309007","22,6587532932"
2023-06-26,"28,227891","58,0384421166","14,6415704162"
2023-06-27,"21,844236","65,4860403179","16,2502501443"
2023-06-28,"30,313146","44,9528733699","15,7019314093"
2023-06-29,"30,391792","47,4811005993","18,3499607680"
2023-06-30,"0,474584","58,9536048791","14,7492303557"
2023-07-01,"1,828760","52,6247354141","15,4095549609"
2023-07-02,"37,359799","55,1161287053","21,6204946788"
2023-07-03,"42,625810","53,1428707023","14,3029380360"
2023-07-04,"46,180981","57,1238097887","18,6389105376"
2023-07-05,"3,870531","60,9220030069","19,1921027771"
2023-07-06,"0,838589","44,5625132401","15,5315076823"
2023-07-07,"27,045351","50,5173878664","24,2956405993"
2023-07-08,"35,753869","65,7009724671","15,7171624311"
2023-07-09,"30,325043","44,4633631079","17,4813654682"
2023-07-10,"3,255887","60,3133720393","20,4932272722"
2023-07-11,"0,902988","61,6273017425","20,2811131590"
2023-07-12,"17,587731","53,9805916803","15,7367229975"
2023-07-13,"2,378993","67,2894329133","23,9351501055"
2023-07-14,"37,765042","51,0200839842","17,3795096170"
2023-07-15,"6,486659","48,5681732897","16,4106541338"
2023-07-16,"28,844007","60,8612791419","18,5576837591"
2023-07-17,"25,228593","64,1053448841","17,9011773058"
2023-07-18,"22,122175","67,0835807789","24,5827690429"
2023-07-19,"27,729989","66,1813585850","14,3147982121"
2023-07-20,"40,251925","68,0944496374","18,3783951441"
2023-07-21,"6,690724","53,8801942126","14,5593239341"
2023-07-22,"29,729356","62,2770770875","19,5322167563"
2023-07-23,"4,855254","40,6594393515","22,1989078464"
2023-07-24,"14,569185","47,8624310098","21,2821689120"
2023-07-25,"7,986690","40,5464047751","22,9634232350"
2023-07-26,"33,446950","63,4511366578","17,4414926110"
2023-07-27,"20,687160","47,2346256153","16,3010868489"
2023-07-28,"45,032808","54,6283037812","22,1440830964"
2023-07-29,"45,095197","64,6385505977","14,7209845458"
2023-07-30,"24,613838","67,8589033160","14,2209405078"
2023-07-31,"34,990553","51,6084608943","17,8720371120"
2023-08-01,"31,227703","48,2547196474","24,3443282445"
2023-08-02,"27,810935","51,5468392245","20,1247093724"
2023-08-03,"2,901416","66,4027507894","20,1088877916"
2023-08-04,"16,841018","42,7167628096","23,3529939677"
2023-08-05,"9,299899","55,0245954279","24,3218400870"
2023-08-06,"31,266721","67,9381239143","21,8985576814"
2023-08-07,"0,007206","44,9099264284","24,4517058145"
2023-08-08,"14,980554","61,2729333780","22,1691311620"
2023-08-09,"38,098264",indisponivel,"14,3929800392"
2023-08-10,"29,171920","68,1334081084","15,5431674511"
2023-08-11,"27,675343","50,8040557708","24,0027708769"
2023-08-12,"29,911480","45,4816119650","23,1509553397"
2023-08-13,"7,637975","40,4100969477","20,8891243064"
2023-08-14,"29,386567","48,5135273073","16,4152198779"
2023-08-15,"7,827621","69,6603974081","14,5741960537"
2023-08-16,"44,958379","42,6595292547","19,9054656390"
2023-08-17,"45,370564","47,0309725580","18,3413674683"
2023-08-18,"26,216384","62,5963020674","19,4142484279"
2023-08-19,"11,475191","61,0942240874","24,1598182959"
2023-08-20,"42,641364","47,6802259493","19,7290519534"
2023-08-21,"38,920859","60,3171235351","17,9492591979"
2023-08-22,"36,110305","69,1103732570","15,3792718828"
2023-08-23,"11,969009","55,5522341581","22,3276130729"
2023-08-24,"24,235488","64,6394153732","16,9452363872"
2023-08-25,"2,603778","53,0342517823","18,8625361361"
2023-08-26,"17,820601","64,6189980500","17,9625307625"
2023-08-27,"47,614739","43,7631714008","21,3172030039"
2023-08-28,"8,308852","63,2502544711","19,4524600834"
2023-08-29,"27,383717","63,5452932070","22,4112105672"
2023-08-30,"38,613002","54,6880766155","17,8037189228"
2023-08-31,"10,277865","52,6028478799","23,7134112154"
2023-09-01,"36,533142","42,8390790370","29,1853283267"
2023-09-02,"20,330692","69,2486012258","20,7430054413"
2023-09-03,"33,098473","53,9807032124","23,9659713248"
2023-09-04,"1,919987","47,9973770523","24,5155745441"
2023-09-05,"11,125135","63,8150139611","25,0430735692"
2023-09-06,"49,134083","55,6505253002","22,9404815764"
2023-09-07,"9,865118","58,3294962913","22,1421311053"
2023-09-08,"32,257378","52,0748490574","26,6002256412"
2023-09-09,"21,593917","50,7189195934","24,3938919451"
2023-09-10,"27,061106","46,3656404965","23,2572746636"
2023-09-11,"47,193607","57,2756928041","23,3536253921"
2023-09-12,"20,198908","64,0131962879","24,6289531101"
2023-09-13,"18,341261","49,1784227650","26,4940857474"
2023-09-14,"6,719381","57,0594256818","25,9238227452"
2023-09-15,"49,144336","56,5866175993","26,0213638766"
2023-09-16,"44,446025","56,0443110493","25,5113150355"
2023-09-17,"0,204044","69,4307110389","28,4937237576"
2023-09-18,"25,948446","59,5750483770","29,3380778847"
2023-09-19,"29,990101","64,2439973180","20,0332850778"
2023-09-20,"8,896862","56,0700087587","20,1805019109"
2023-09-21,"42,171374","67,5691653295","26,3118759491"
2023-09-22,"36,628935","50,3058245398","29,7540322809"
2023-09-23,"21,146538","69,9935973569","26,4424716107"
2023-09-24,"39,619482","64,1972614779","21,1642494073"
2023-09-25,"39,697863","48,7056434424","24,6640978958"
2023-09-26,"32,850581","42,0190467695","28,9732715171"
2023-09-27,"30,036154","67,3724251781","29,6887431399"
2023-09-28,"44,667263","67,3790050529","27,2396015910"
2023-09-29,"49,379286","59,3852983511","28,4599169041"
2023-09-30,"12,619235","62,3325836056","21,0341049553"
2023-10-01,"22,668206","57,3784145675","25,6452235075"
2023-10-02,"41,223056","63,7072966247","22,4010322805"
2023-10-03,"79,777000","71,8321170325","21,2861131831"
2023-10-04,"85,343647","62,7005951270","24,1610401394"
2023-10-05,"14,638556","64,6710732725","29,2219240614"
2023-10-06,"52,877845",,"20,6175716829"
2023-10-07,"67,320954","75,7791782191","24,1957211407"
2023-10-08,"35,640458","55,9690944778","27,4167087653"
2023-10-09,"37,682563","59,4410010193","20,8263478016"
2023-10-10,"33,382127","79,3788725768","23,8507222048"
2023-10-11,"32,702158","76,2875146548","28,3354347897"
2023-10-12,"12,193390","76,4158354129","26,4896511906"
2023-10-13,"36,420274","71,4406358586","25,2205228960"
2023-10-14,"43,669336","72,6971017863","20,7288248871"
2023-10-15,"25,728151","52,8913361016","27,6101179814"
2023-10-16,"10,841376","52,9697639345","26,0823860375"
2023-10-17,"32,204033","56,7837513247","20,4949851998"
2023-10-18,"47,050413","69,9443923108","27,1073885124"
2023-10-19,"39,318272","57,5699048651","20,2891899211"
2023-10-20,"88,730187","71,4030377832","25,7892361327"
2023-10-21,"86,943135","60,7474183225","28,0728203873"
2023-10-22,"42,154199","53,9017837330","23,2265117751"
2023-10-23,"92,322689","60,9640273038","21,8489308611"
2023-10-24,"90,617323","56,0958795649","23,5016688123"
2023-10-25,"80,898177","66,1131103688","29,1123759720"
2023-10-26,"90,569527","78,2179699308","24,2344886015"
2023-10-27,"83,029672","62,4386081448","27,4245455960"
2023-10-28,"26,688400","60,1463977111","28,4966626615"
2023-10-29,"10,362242","58,4664702453","29,3702786902"
2023-10-30,"77,556704","76,9004054270","25,5407599318"
2023-10-31,"22,273991","56,4085028843","24,9981942078"
2023-11-01,"98,593809","71,0809895167","22,0831069174"
2023-11-02,"10,607798","61,7011732413","21,6396508804"
2023-11-03,"83,805658","53,6997042126","20,9100662738"
2023-11-04,"68,501738","52,9147937629","25,2466156409"
2023-11-05,"43,628498","65,0946347274","28,5076108775"
2023-11-06,"88,972924","70,5843513106","23,7707838707"
2023-11-07,"94,638403","67,7046883925","29,8477585606"
2023-11-08,"20,582020","75,6663618222","25,1577785253"
2023-11-09,"27,070100","63,1991539200","22,3410732409"
2023-11-10,"77,550122","75,8555128014","27,5075291832"
2023-11-11,"76,484165","61,4550376651","27,8339303472"
2023-11-12,"87,775431","59,4093515824","21,3382635453"
2023-11-13,"13,808037","55,1700091604","28,4067504221"
2023-11-14,"55,674122","53,8217307508","27,5482289189"
2023-11-15,"91,732441","65,9894317205","28,4941171297"
2023-11-16,"99,249818","74,7824988246","26,5330433108"
2023-11-17,"98,438203","74,6930789090","20,5835836584"
2023-11-18,"84,210540","70,5285298293","29,3238413012"
2023-11-19,"32,313650","68,8687251925","21,4923889261"
2023-11-20,"23,755693","63,8429558763","20,4649900696"
2023-11-21,"72,611251","67,0903759387","28,1723761228"
2023-11-22,"56,247538","76,6900508250","26,1184856732"
2023-11-23,"78,614780","52,0318337023","28,0855792775"
2023-11-24,"97,339622","60,4286588860","28,0418205644"
2023-11-25,"15,987225","75,3121276889","26,4841855978"
2023-11-26,"18,507759","51,9435619526","23,6907635329"
2023-11-27,"18,901962","61,7859077144","28,5655986675"
2023-11-28,"46,601920","62,9730807044","26,7597288038"
2023-11-29,,"58,7095465052","26,1463807192"
2023-11-30,"36,804124","57,3382063259","25,9793177474"
2023-12-01,"229,138244","68,7102642558","35,1311624149"
2023-12-02,"289,599845","84,4616882648","37,8094321483"
2023-12-03,"276,014152","64,9242997332","34,1004400677"
2023-12-04,"265,709606","62,4780352229","31,1013638012"
2023-12-05,"254,272811","69,0465503558","31,9674324175"
2023-12-06,"63,971737","69,9332790857","33,0627172072"
2023-12-07,"266,577225","66,3169159279","25,0501302387"
2023-12-08,"157,683007","82,2803511945","36,4763559032"
2023-12-09,"102,545699","78,7608697888","27,8503036044"
2023-12-10,"72,189863","79,6118193816","34,7852809986"
2023-12-11,"60,827889","72,6856876845","35,6642431776"
2023-12-12,"69,585939","75,7776263780","27,0240887339"
2023-12-13,"143,362783","68,7192984561","27,9862564350"
2023-12-14,"250,953722","91,3335340356",indisponivel
2023-12-15,"104,098751","69,3330596546","36,6137093728"
2023-12-16,"214,678604","73,6263422582","26,2311391464"
2023-12-17,"77,606136","81,6980810981","27,2637660100"
2023-12-18,"298,144183","61,8681933110","34,5992184449"
2023-12-19,"284,008610","69,4045199013","32,5508067409"
2023-12-20,"244,896125","87,2196218176","26,5721385591"
2023-12-21,"244,435234","82,6780484661","36,6316488481"
2023-12-22,"286,687157","85,4216587429","31,6040884071"
2023-12-23,"278,367194","85,1876412819","31,7132890905"
2023-12-24,"80,476358","92,6980254413","27,2685583769"
2023-12-25,"173,122269","88,2617069769","34,1056331145"
2023-12-26,"176,459804","94,4558723179","36,0889305590"
2023-12-27,"114,674077","91,5184081774","25,2864860850"
2023-12-28,"213,713570","89,1357344828","30,5558931079"
2023-12-29,"258,911339","74,6708733738","25,6544821070"
2023-12-30,"180,265583","88,8089832502","36,0114478676"
2023-12-31,"190,704737","86,5115936483","26,6577647191"